0	-0,06049648
0,00005	-0,0606057
0,0001	-0,060559
0,00015	-0,06062174
0,0002	-0,060622
0,00025	-0,06060622
0,0003	-0,06062176
0,00035	-0,06065326
0,0004	-0,0604965
0,00045	-0,06051226
0,0005	-0,06040224
0,00055	-0,06044924
0,0006	-0,06049676
0,00065	-0,06038676
0,0007	-0,06052778
0,00075	-0,0605435
0,0008	-0,06046502
0,00085	-0,06062198
0,0009	-0,06046498
0,00095	-0,060559
0,001	-0,060465
0,00105	-0,06057498
0,0011	-0,06073148
0,00115	-0,06052774
0,0012	-0,06065324
0,00125	-0,06060628
0,0013	-0,0606065
0,00135	-0,06062228
0,0014	-0,06057476
0,00145	-0,06057474
0,0015	-0,06063776
0,00155	-0,06052752
0,0016	-0,06082574
0,00165	-0,06055948
0,0017	-0,060669
0,00175	-0,06076328
0,0018	-0,0608415
0,00185	-0,06085674
0,0019	-0,06057476
0,00195	-0,06080976
0,002	-0,060669
0,00205	-0,0607005
0,0021	-0,06080998
0,00215	-0,06062176
0,0022	-0,0608725
0,00225	-0,06077876
0,0023	-0,06084154
0,00235	-0,06082574
0,0024	-0,06071602
0,00245	-0,0607945
0,0025	-0,06076272
0,00255	-0,06074722
0,0026	-0,06068426
0,00265	-0,06063774
0,0027	-0,06071626
0,00275	-0,06070022
0,0028	-0,060622
0,00285	-0,060606
0,0029	-0,06051226
0,00295	-0,06051226
0,003	-0,06062224
0,00305	-0,06043374
0,0031	-0,06051198
0,00315	-0,06043374
0,0032	-0,06037126
0,00325	-0,0604965
0,0033	-0,06033974
0,00335	-0,06044948
0,0034	-0,06032428
0,00345	-0,060434
0,0035	-0,06049648
0,00355	-0,06032426
0,0036	-0,0603555
0,00365	-0,06033978
0,0037	-0,06033976
0,00375	-0,0604495
0,0038	-0,06021452
0,00385	-0,06037126
0,0039	-0,060183
0,00395	-0,06015122
0,004	-0,06023
0,00405	-0,0600105
0,0041	-0,060324
0,00415	-0,06016752
0,0042	-0,06013602
0,00425	-0,0602615
0,0043	-0,060042
0,00435	-0,06015152
0,0044	-0,06004202
0,00445	-0,06010502
0,0045	-0,06010452
0,00455	-0,05997924
0,0046	-0,06008876
0,00465	-0,05991676
0,0047	-0,060073
0,00475	-0,06015152
0,0048	-0,05994776
0,00485	-0,06013602
0,0049	-0,0599165
0,00495	-0,059995
0,005	-0,06001052
0,00505	-0,0599005
0,0051	-0,05990102
0,00515	-0,05999474
0,0052	-0,05999476
0,00525	-0,06002626
0,0053	-0,05994748
0,00535	-0,059979
0,0054	-0,05997898
0,00545	-0,05999502
0,0055	-0,06002626
0,00555	-0,06004174
0,0056	-0,060073
0,00565	-0,06016726
0,0057	-0,06012024
0,00575	-0,06007326
0,0058	-0,06008874
0,00585	-0,05999474
0,0059	-0,060136
0,00595	-0,060042
0,006	-0,06002624
0,00605	-0,06005752
0,0061	-0,06004174
0,00615	-0,06012024
0,0062	-0,06012026
0,00625	-0,0602145
0,0063	-0,06026152
0,00635	-0,0601675
0,0064	-0,060277
0,00645	-0,0601355
0,0065	-0,06008902
0,00655	-0,06005724
0,0066	-0,05990074
0,00665	-0,06018298
0,0067	-0,05997902
0,00675	-0,06001024
0,0068	-0,06004174
0,00685	-0,06004202
0,0069	-0,06018272
0,00695	-0,0599165
0,007	-0,060089
0,00705	-0,06007326
0,0071	-0,060073
0,00715	-0,06010474
0,0072	-0,060026
0,00725	-0,06018302
0,0073	-0,0600575
0,00735	-0,06010478
0,0074	-0,06015148
0,00745	-0,060042
0,0075	-0,06008876
0,00755	-0,0598535
0,0076	-0,05990074
0,00765	-0,059791
0,0077	-0,05972876
0,00775	-0,059885
0,0078	-0,05982174
0,00785	-0,05991624
0,0079	-0,059838
0,00795	-0,059838
0,008	-0,05994776
0,00805	-0,05980648
0,0081	-0,05979126
0,00815	-0,05979074
0,0082	-0,05980676
0,00825	-0,0597595
0,0083	-0,05966524
0,00835	-0,05971274
0,0084	-0,0596815
0,00845	-0,05964976
0,0085	-0,059603
0,00855	-0,05958724
0,0086	-0,05964974
0,00865	-0,05964976
0,0087	-0,05965
0,00875	-0,059681
0,0088	-0,059587
0,00885	-0,059556
0,0089	-0,0596495
0,00895	-0,059493
0,009	-0,05954026
0,00905	-0,05957152
0,0091	-0,05961876
0,00915	-0,05954026
0,0092	-0,05950924
0,00925	-0,059446
0,0093	-0,059446
0,00935	-0,05941526
0,0094	-0,05932052
0,00945	-0,05938274
0,0095	-0,05927352
0,00955	-0,05936826
0,0096	-0,059242
0,00965	-0,0593205
0,0097	-0,05930526
0,00975	-0,05924224
0,0098	-0,05921074
0,00985	-0,05927374
0,0099	-0,0592425
0,00995	-0,05925824
0,01	-0,059179
0,01005	-0,0591795
0,0101	-0,05928924
0,01015	-0,05919498
0,0102	-0,059305
0,01025	-0,05930476
0,0103	-0,05921098
0,01035	-0,059242
0,0104	-0,05924224
0,01045	-0,059384
0,0105	-0,05936802
0,01055	-0,05916402
0,0106	-0,059242
0,01065	-0,05933624
0,0107	-0,05932048
0,01075	-0,059352
0,0108	-0,05936774
0,01085	-0,0594145
0,0109	-0,05927352
0,01095	-0,05946174
0,011	-0,059352
0,01105	-0,059352
0,0111	-0,05947726
0,01115	-0,05925802
0,0112	-0,05949324
0,01125	-0,0594145
0,0113	-0,05935198
0,01135	-0,0595405
0,0114	-0,05938348
0,01145	-0,05952424
0,0115	-0,05933626
0,01155	-0,0593365
0,0116	-0,059352
0,01165	-0,05935202
0,0117	-0,05946126
0,01175	-0,05932076
0,0118	-0,05941502
0,01185	-0,0593995
0,0119	-0,05932052
0,01195	-0,05939874
0,012	-0,05925774
0,01205	-0,059258
0,0121	-0,059274
0,01215	-0,0591325
0,0122	-0,05908526
0,01225	-0,05913276
0,0123	-0,05905402
0,01235	-0,05907
0,0124	-0,05903774
0,01245	-0,0591165
0,0125	-0,059101
0,01255	-0,05914774
0,0126	-0,05910076
0,01265	-0,05907
0,0127	-0,05903852
0,01275	-0,05908524
0,0128	-0,05910128
0,01285	-0,05914822
0,0129	-0,05907002
0,01295	-0,05906974
0,013	-0,05911676
0,01305	-0,05908552
0,0131	-0,05903824
0,01315	-0,05902276
0,0132	-0,05899124
0,01325	-0,05910076
0,0133	-0,05905426
0,01335	-0,05911676
0,0134	-0,05914826
0,01345	-0,05906952
0,0135	-0,05903852
0,01355	-0,05896
0,0136	-0,0590225
0,01365	-0,0588505
0,0137	-0,05896
0,01375	-0,058897
0,0138	-0,0587405
0,01385	-0,05888152
0,0139	-0,05874052
0,01395	-0,05878774
0,014	-0,05885028
0,01405	-0,05872476
0,0141	-0,05885
0,01415	-0,05875626
0,0142	-0,058803
0,01425	-0,05886626
0,0143	-0,05867778
0,01435	-0,058709
0,0144	-0,05861526
0,01445	-0,05872448
0,0145	-0,05870898
0,01455	-0,05864626
0,0146	-0,05880302
0,01465	-0,05866202
0,0147	-0,05867776
0,01475	-0,05877202
0,0148	-0,05869376
0,01485	-0,05866202
0,0149	-0,05863102
0,01495	-0,05856778
0,015	-0,05864626
0,01505	-0,05859952
0,0151	-0,05855224
0,01515	-0,05866198
0,0152	-0,05867752
0,01525	-0,05874076
0,0153	-0,05870876
0,01535	-0,05878726
0,0154	-0,058772
0,01545	-0,05888178
0,0155	-0,0588035
0,01555	-0,0588185
0,0156	-0,05874076
0,01565	-0,05881878
0,0157	-0,05872476
0,01575	-0,05881924
0,0158	-0,05888152
0,01585	-0,05881876
0,0159	-0,05886576
0,01595	-0,05870902
0,016	-0,05888174
0,01605	-0,05870928
0,0161	-0,05866224
0,01615	-0,058803
0,0162	-0,0586625
0,01625	-0,05878774
0,0163	-0,05864628
0,01635	-0,0586465
0,0164	-0,05881926
0,01645	-0,058631
0,0165	-0,05875624
0,01655	-0,05866198
0,0166	-0,05863074
0,01665	-0,05850524
0,0167	-0,05839552
0,01675	-0,05852074
0,0168	-0,05837978
0,01685	-0,05838002
0,0169	-0,05827
0,01695	-0,05817602
0,017	-0,05837976
0,01705	-0,05828578
0,0171	-0,05830154
0,01715	-0,05830152
0,0172	-0,05827024
0,01725	-0,0583485
0,0173	-0,05833272
0,01735	-0,05831728
0,0174	-0,05841102
0,01745	-0,05828598
0,0175	-0,05845824
0,01755	-0,05841124
0,0176	-0,05842678
0,01765	-0,05844274
0,0177	-0,0584115
0,01775	-0,05849
0,0178	-0,05847402
0,01785	-0,058427
0,0179	-0,05845854
0,01795	-0,05836426
0,018	-0,05838002
0,01805	-0,058286
0,0181	-0,05833252
0,01815	-0,05838052
0,0182	-0,05827
0,01825	-0,058396
0,0183	-0,05836426
0,01835	-0,05833276
0,0184	-0,05827028
0,01845	-0,05828602
0,0185	-0,058145
0,01855	-0,05809776
0,0186	-0,05814424
0,01865	-0,05819176
0,0187	-0,05801924
0,01875	-0,05801978
0,0188	-0,058035
0,01885	-0,05792526
0,0189	-0,05812898
0,01895	-0,05805076
0,019	-0,058129
0,01905	-0,05808224
0,0191	-0,05801924
0,01915	-0,05823876
0,0192	-0,05801898
0,01925	-0,058145
0,0193	-0,05812902
0,01935	-0,05812926
0,0194	-0,05814476
0,01945	-0,05800402
0,0195	-0,05803502
0,01955	-0,05805074
0,0196	-0,05795702
0,01965	-0,058223
0,0197	-0,0581135
0,01975	-0,05820752
0,0198	-0,05822302
0,01985	-0,058223
0,0199	-0,05822302
0,01995	-0,05819202
0,02	-0,0582545
0,02005	-0,05827002
0,0201	-0,05819174
0,02015	-0,058129
0,0202	-0,05808176
0,02025	-0,0580505
0,0203	-0,05820774
0,02035	-0,05817628
0,0204	-0,05823876
0,02045	-0,05823874
0,0205	-0,05809776
0,02055	-0,0581135
0,0206	-0,05803498
0,02065	-0,05801952
0,0207	-0,057988
0,02075	-0,05803502
0,0208	-0,0581605
0,02085	-0,05795676
0,0209	-0,05803524
0,02095	-0,05808176
0,021	-0,05798826
0,02105	-0,0581135
0,0211	-0,05797226
0,02115	-0,05790976
0,0212	-0,057831
0,02125	-0,05781576
0,0213	-0,057894
0,02135	-0,05770574
0,0214	-0,0577995
0,02145	-0,05778398
0,0215	-0,05767426
0,02155	-0,05773726
0,0216	-0,05765876
0,02165	-0,05776874
0,0217	-0,05773678
0,02175	-0,0576115
0,0218	-0,05781552
0,02185	-0,05765874
0,0219	-0,05769
0,02195	-0,05767476
0,022	-0,05769
0,02205	-0,05765876
0,0221	-0,05759576
0,02215	-0,05769026
0,0222	-0,05750202
0,02225	-0,05745478
0,0223	-0,05754874
0,02235	-0,05751752
0,0224	-0,05751774
0,02245	-0,05750224
0,0225	-0,05754904
0,02255	-0,05747076
0,0226	-0,05754876
0,02265	-0,05748626
0,0227	-0,05742374
0,02275	-0,05754902
0,0228	-0,05750176
0,02285	-0,05756424
0,0229	-0,05762726
0,02295	-0,05751752
0,023	-0,05759602
0,02305	-0,05756478
0,0231	-0,05754878
0,02315	-0,05745474
0,0232	-0,057439
0,02325	-0,05754898
0,0233	-0,05739224
0,02335	-0,05732948
0,0234	-0,05720374
0,02345	-0,05723572
0,0235	-0,05715724
0,02355	-0,05700024
0,0236	-0,05722
0,02365	-0,05710974
0,0237	-0,05726674
0,02375	-0,05717274
0,0238	-0,05712574
0,02385	-0,05720422
0,0239	-0,05715698
0,02395	-0,057157
0,024	-0,05711024
0,02405	-0,05707924
0,0241	-0,057126
0,02415	-0,057079
0,0242	-0,05718874
0,02425	-0,0570475
0,0243	-0,0570475
0,02435	-0,05726674
0,0244	-0,0572195
0,02445	-0,05739224
0,0245	-0,05725124
0,02455	-0,05736074
0,0246	-0,05728276
0,02465	-0,05729826
0,0247	-0,05737624
0,02475	-0,0572195
0,0248	-0,05732898
0,02485	-0,05728224
0,0249	-0,05731376
0,02495	-0,05734498
0,025	-0,05725124
0,02505	-0,05739226
0,0251	-0,0572355
0,02515	-0,05723526
0,0252	-0,05726676
0,02525	-0,05720424
0,0253	-0,05728248
0,02535	-0,0571415
0,0254	-0,05720424
0,02545	-0,05714124
0,0255	-0,05718824
0,02555	-0,05717276
0,0256	-0,0571255
0,02565	-0,05714126
0,0257	-0,05692176
0,02575	-0,05704726
0,0258	-0,05689024
0,02585	-0,05693752
0,0259	-0,05685924
0,02595	-0,05678076
0,026	-0,056812
0,02605	-0,0566235
0,0261	-0,05684298
0,02615	-0,05674926
0,0262	-0,05678074
0,02625	-0,056765
0,0263	-0,056702
0,02635	-0,056671
0,0264	-0,05663974
0,02645	-0,056718
0,0265	-0,05671824
0,02655	-0,05648224
0,0266	-0,05663976
0,02665	-0,05654526
0,0267	-0,05662424
0,02675	-0,0566085
0,0268	-0,0564985
0,02685	-0,056624
0,0269	-0,05649824
0,02695	-0,05651374
0,027	-0,05649824
0,02705	-0,05646726
0,0271	-0,0564675
0,02715	-0,05632602
0,0272	-0,05643576
0,02725	-0,05642
0,0273	-0,05642024
0,02735	-0,05642
0,0274	-0,0563735
0,02745	-0,0564045
0,0275	-0,0562945
0,02755	-0,05631026
0,0276	-0,05623174
0,02765	-0,056232
0,0277	-0,05632574
0,02775	-0,056185
0,0278	-0,05623202
0,02785	-0,05610624
0,0279	-0,056138
0,02795	-0,0560755
0,028	-0,05604376
0,02805	-0,05612222
0,0281	-0,056028
0,02815	-0,0561535
0,0282	-0,05607524
0,02825	-0,05612226
0,0283	-0,05613774
0,02835	-0,05613772
0,0284	-0,05620024
0,02845	-0,05612226
0,0285	-0,056075
0,02855	-0,05599702
0,0286	-0,05609076
0,02865	-0,05607502
0,0287	-0,05593426
0,02875	-0,05599698
0,0288	-0,05610674
0,02885	-0,05610676
0,0289	-0,05610648
0,02895	-0,05607526
0,029	-0,05604398
0,02905	-0,05612228
0,0291	-0,05613802
0,02915	-0,05613824
0,0292	-0,0560285
0,02925	-0,056185
0,0293	-0,05609074
0,02935	-0,05610648
0,0294	-0,056185
0,02945	-0,05629476
0,0295	-0,05624752
0,02955	-0,05618524
0,0296	-0,05631074
0,02965	-0,05616924
0,0297	-0,05609126
0,02975	-0,05602824
0,0298	-0,05620072
0,02985	-0,05612226
0,0299	-0,05609074
0,02995	-0,0561695
0,03	-0,0560595
0,03005	-0,05599702
0,0301	-0,0560755
0,03015	-0,056044
0,0302	-0,0560595
0,03025	-0,05598126
0,0303	-0,05584002
0,03035	-0,05591848
0,0304	-0,05594974
0,03045	-0,055856
0,0305	-0,05573052
0,03055	-0,05579302
0,0306	-0,05580876
0,03065	-0,05571474
0,0307	-0,05584
0,03075	-0,0556835
0,0308	-0,05590278
0,03085	-0,05573026
0,0309	-0,05573
0,03095	-0,05558924
0,031	-0,05560476
0,03105	-0,05555774
0,0311	-0,05546374
0,03115	-0,05546374
0,0312	-0,05546348
0,03125	-0,05552648
0,0313	-0,055636
0,03135	-0,0554325
0,0314	-0,05546374
0,03145	-0,05533824
0,0315	-0,0554325
0,03155	-0,055401
0,0316	-0,05543248
0,03165	-0,0552755
0,0317	-0,0553855
0,03175	-0,0553695
0,0318	-0,055401
0,03185	-0,05527552
0,0319	-0,05529152
0,03195	-0,05516576
0,032	-0,05522876
0,03205	-0,05514974
0,0321	-0,0551505
0,03215	-0,0551815
0,0322	-0,05513422
0,03225	-0,0551815
0,0323	-0,05521298
0,03235	-0,05507176
0,0324	-0,055103
0,03245	-0,05504024
0,0325	-0,0551345
0,03255	-0,05521272
0,0326	-0,055197
0,03265	-0,055213
0,0327	-0,05515026
0,03275	-0,05514998
0,0328	-0,05526028
0,03285	-0,05526
0,0329	-0,05515
0,03295	-0,05515026
0,033	-0,05508724
0,03305	-0,05513448
0,0331	-0,05505626
0,03315	-0,0550245
0,0332	-0,05500926
0,03325	-0,05494624
0,0333	-0,05505576
0,03335	-0,05515026
0,0334	-0,05508722
0,03345	-0,05513424
0,0335	-0,05505602
0,03355	-0,05511926
0,0336	-0,05522874
0,03365	-0,055166
0,0337	-0,055166
0,03375	-0,05522848
0,0338	-0,05510298
0,03385	-0,055166
0,0339	-0,05516572
0,03395	-0,05521324
0,034	-0,05511876
0,03405	-0,0551505
0,0341	-0,05522876
0,03415	-0,05513426
0,0342	-0,05521302
0,03425	-0,05516576
0,0343	-0,05515026
0,03435	-0,055103
0,0344	-0,05507176
0,03445	-0,0551815
0,0345	-0,05511878
0,03455	-0,05507148
0,0346	-0,05504074
0,03465	-0,05504
0,0347	-0,05507174
0,03475	-0,054915
0,0348	-0,05489976
0,03485	-0,05494626
0,0349	-0,0548835
0,03495	-0,05482124
0,035	-0,05472674
0,03505	-0,05469548
0,0351	-0,05482074
0,03515	-0,05461724
0,0352	-0,0549775
0,03525	-0,05474224
0,0353	-0,05469574
0,03535	-0,05474276
0,0354	-0,05455426
0,03545	-0,05469552
0,0355	-0,05447598
0,03555	-0,05450752
0,0356	-0,05471126
0,03565	-0,05460148
0,0357	-0,05457
0,03575	-0,05442872
0,0358	-0,05463276
0,03585	-0,05458576
0,0359	-0,05453824
0,03595	-0,05450748
0,036	-0,05450748
0,03605	-0,05450776
0,0361	-0,054523
0,03615	-0,05439726
0,0362	-0,05444448
0,03625	-0,05435048
0,0363	-0,054366
0,03635	-0,05442872
0,0364	-0,05436624
0,03645	-0,05438148
0,0365	-0,05431928
0,03655	-0,05431922
0,0366	-0,05427202
0,03665	-0,05420948
0,0367	-0,05417824
0,03675	-0,05422524
0,0368	-0,05408398
0,03685	-0,05424074
0,0369	-0,0540685
0,03695	-0,05402152
0,037	-0,05395874
0,03705	-0,05392702
0,0371	-0,05406824
0,03715	-0,05394298
0,0372	-0,05386426
0,03725	-0,05386452
0,0373	-0,053927
0,03735	-0,05403674
0,0374	-0,05397402
0,03745	-0,0540525
0,0375	-0,05383326
0,03755	-0,053849
0,0376	-0,05400548
0,03765	-0,053849
0,0377	-0,05392698
0,03775	-0,0537235
0,0378	-0,05389574
0,03785	-0,05383328
0,0379	-0,05392724
0,03795	-0,053865
0,038	-0,05383324
0,03805	-0,05392726
0,0381	-0,0540055
0,03815	-0,05392748
0,0382	-0,05381726
0,03825	-0,05386474
0,0383	-0,05380176
0,03835	-0,05389624
0,0384	-0,05391178
0,03845	-0,0539115
0,0385	-0,05400598
0,03855	-0,05388
0,0386	-0,05395852
0,03865	-0,05391152
0,0387	-0,05384876
0,03875	-0,05386502
0,0388	-0,05381754
0,03885	-0,053802
0,0389	-0,05378652
0,03895	-0,05380176
0,039	-0,05391202
0,03905	-0,05377026
0,0391	-0,05391226
0,03915	-0,05370778
0,0392	-0,05369226
0,03925	-0,053755
0,0393	-0,053551
0,03935	-0,05358252
0,0394	-0,05351974
0,03945	-0,05353552
0,0395	-0,05350376
0,03955	-0,05333126
0,0396	-0,05334726
0,03965	-0,05333148
0,0397	-0,053347
0,03975	-0,05348826
0,0398	-0,053253
0,03985	-0,05339426
0,0399	-0,05320648
0,03995	-0,05326874
0,04	-0,05326876
0,04005	-0,05314326
0,0401	-0,05306474
0,04015	-0,05301776
0,0402	-0,05309626
0,04025	-0,05314352
0,0403	-0,05298702
0,04035	-0,053049
0,0404	-0,05292374
0,04045	-0,05295526
0,0405	-0,053065
0,04055	-0,05295502
0,0406	-0,052924
0,04065	-0,0528925
0,0407	-0,05281402
0,04075	-0,052924
0,0408	-0,05282974
0,04085	-0,05286124
0,0409	-0,052814
0,04095	-0,05270448
0,041	-0,05272002
0,04105	-0,05275126
0,0411	-0,0526885
0,04115	-0,0526885
0,0412	-0,05261024
0,04125	-0,05273602
0,0413	-0,05262626
0,04135	-0,05259474
0,0414	-0,05261026
0,04145	-0,05242226
0,0415	-0,05253202
0,04155	-0,05245326
0,0416	-0,05250024
0,04165	-0,052532
0,0417	-0,052375
0,04175	-0,0524065
0,0418	-0,0524535
0,04185	-0,05243774
0,0419	-0,05246898
0,04195	-0,05231252
0,042	-0,05240626
0,04205	-0,05229674
0,0421	-0,05235902
0,04215	-0,052422
0,0422	-0,05218674
0,04225	-0,05239074
0,0423	-0,0522025
0,04235	-0,05218676
0,0424	-0,052312
0,04245	-0,05215548
0,0425	-0,05228076
0,04255	-0,05217124
0,0426	-0,05226524
0,04265	-0,05224974
0,0427	-0,05204602
0,04275	-0,05214026
0,0428	-0,05193624
0,04285	-0,052046
0,0429	-0,05209276
0,04295	-0,0519675
0,043	-0,05193602
0,04305	-0,05188926
0,0431	-0,05196752
0,04315	-0,05207724
0,0432	-0,051889
0,04325	-0,05185752
0,0433	-0,05177926
0,04335	-0,05190478
0,0434	-0,05182652
0,04345	-0,05184176
0,0435	-0,05163802
0,04355	-0,05163828
0,0436	-0,051717
0,04365	-0,05163852
0,0437	-0,05155978
0,04375	-0,05152848
0,0438	-0,05137126
0,04385	-0,051497
0,0439	-0,051356
0,04395	-0,05123078
0,044	-0,05112076
0,04405	-0,05124626
0,0441	-0,05110526
0,04415	-0,0511835
0,0442	-0,0511055
0,04425	-0,05101126
0,0443	-0,0510425
0,04435	-0,0509485
0,0444	-0,05093276
0,04445	-0,05091702
0,0445	-0,05082272
0,04455	-0,05090128
0,0446	-0,0506505
0,04465	-0,0507915
0,0447	-0,0505725
0,04475	-0,05069776
0,0448	-0,05066626
0,04485	-0,05061876
0,0449	-0,05060372
0,04495	-0,05052526
0,045	-0,050478
0,04505	-0,050431
0,0451	-0,05036824
0,04515	-0,05038426
0,0452	-0,05029
0,04525	-0,05028976
0,0453	-0,05019598
0,04535	-0,05021174
0,0454	-0,05019602
0,04545	-0,05013298
0,0455	-0,05011726
0,04555	-0,05008602
0,0456	-0,04996026
0,04565	-0,04986676
0,0457	-0,049851
0,04575	-0,0497725
0,0458	-0,04972576
0,04585	-0,04963124
0,0459	-0,04953724
0,04595	-0,049443
0,046	-0,04942774
0,04605	-0,0493965
0,0461	-0,04944374
0,04615	-0,04938076
0,0462	-0,04927076
0,04625	-0,04919276
0,0463	-0,0492395
0,04635	-0,04920826
0,0464	-0,04917676
0,04645	-0,04927076
0,0465	-0,049036
0,04655	-0,04902
0,0466	-0,04900452
0,04665	-0,04895724
0,0467	-0,0489415
0,04675	-0,04873774
0,0468	-0,04873774
0,04685	-0,04870652
0,0469	-0,048707
0,04695	-0,04870624
0,047	-0,04854924
0,04705	-0,04875326
0,0471	-0,04843976
0,04715	-0,0484865
0,0472	-0,04847126
0,04725	-0,04839324
0,0473	-0,04829874
0,04735	-0,04818878
0,0474	-0,04804774
0,04745	-0,04803228
0,0475	-0,04784424
0,04755	-0,04773426
0,0476	-0,0476715
0,04765	-0,04760874
0,0477	-0,04742102
0,04775	-0,04726424
0,0478	-0,04710724
0,04785	-0,04696602
0,0479	-0,046872
0,04795	-0,04685624
0,048	-0,04671474
0,04805	-0,0465115
0,0481	-0,04640198
0,04815	-0,0462925
0,0482	-0,04619776
0,04825	-0,04594702
0,0483	-0,04575902
0,04835	-0,04549224
0,0484	-0,04525726
0,04845	-0,04522576
0,0485	-0,04491276
0,04855	-0,04466124
0,0486	-0,044567
0,04865	-0,0442225
0,0487	-0,04414424
0,04875	-0,04383078
0,0488	-0,0436735
0,04885	-0,04348576
0,0489	-0,04321898
0,04895	-0,0430155
0,049	-0,04267026
0,04905	-0,04229376
0,0491	-0,0421055
0,04915	-0,04176102
0,0492	-0,04155726
0,04925	-0,04121226
0,0493	-0,0408675
0,04935	-0,04069474
0,0494	-0,04030302
0,04945	-0,04013052
0,0495	-0,03973876
0,04955	-0,03942526
0,0496	-0,03914226
0,04965	-0,03873476
0,0497	-0,03862504
0,04975	-0,03820202
0,0498	-0,03792
0,04985	-0,03765328
0,0499	-0,03719874
0,04995	-0,0369635
0,05	-0,036493
0,05005	-0,03605378
0,0501	-0,03580326
0,05015	-0,03525448
0,0502	-0,03497226
0,05025	-0,03453322
0,0503	-0,03406298
0,05035	-0,03365526
0,0504	-0,03324774
0,05045	-0,0328875
0,0505	-0,0323855
0,05055	-0,03196202
0,0506	-0,03147604
0,05065	-0,0309115
0,0507	-0,03053528
0,05075	-0,03000202
0,0508	-0,02951628
0,05085	-0,02903
0,0509	-0,02857576
0,05095	-0,02807424
0,051	-0,02749354
0,05105	-0,02702324
0,0511	-0,02639626
0,05115	-0,02587874
0,0512	-0,02537702
0,05125	-0,02475026
0,0513	-0,02418552
0,05135	-0,02366826
0,0514	-0,02319774
0,05145	-0,022555
0,0515	-0,02202226
0,05155	-0,02163002
0,0516	-0,02112828
0,05165	-0,020407
0,0517	-0,01990576
0,05175	-0,01941924
0,0518	-0,01890174
0,05185	-0,01841576
0,0519	-0,01771074
0,05195	-0,01720878
0,052	-0,01665998
0,05205	-0,01614276
0,0521	-0,01571952
0,05215	-0,01506076
0,0522	-0,014465
0,05225	-0,01401054
0,0523	-0,01336776
0,05235	-0,01263074
0,0524	-0,01205078
0,05245	-0,01140778
0,0525	-0,01090598
0,05255	-0,010075
0,0526	-0,0096205
0,05265	-0,00902474
0,0527	-0,00839752
0,05275	-0,00778652
0,0528	-0,00706474
0,05285	-0,00646924
0,0529	-0,00595174
0,05295	-0,00537174
0,053	-0,00477602
0,05305	-0,00421126
0,0531	-0,003741
0,05315	-0,00312976
0,0532	-0,00264352
0,05325	-0,00218876
0,0533	-0,00174976
0,05335	-0,00121698
0,0534	-0,00080928
0,05345	-0,00038576
0,0535	3,724E-05
0,05355	0,00047624
0,0536	0,0009305
0,05365	0,00127576
0,0537	0,00154252
0,05375	0,00205974
0,0538	0,00242052
0,05385	0,00289098
0,0539	0,00304774
0,05395	0,00356524
0,054	0,00384724
0,05405	0,00416076
0,0541	0,00453672
0,05415	0,004615
0,0542	0,0051325
0,05425	0,005305
0,0543	0,00563422
0,05435	0,00594824
0,0544	0,00613624
0,05445	0,00659074
0,0545	0,00677876
0,05455	0,00717124
0,0546	0,00745298
0,05465	0,00778248
0,0547	0,00818974
0,05475	0,008425
0,0548	0,00866
0,05485	0,00903648
0,0549	0,00900524
0,05495	0,009303
0,055	0,00944424
0,05505	0,00966376
0,0551	0,00969524
0,05515	0,009836
0,0552	0,0100715
0,05525	0,01014974
0,0553	0,010244
0,05535	0,01043248
0,0554	0,01035322
0,05545	0,01057324
0,0555	0,0105575
0,05555	0,01072974
0,0556	0,01074548
0,05565	0,01069872
0,0557	0,01090226
0,05575	0,010949
0,0558	0,01098074
0,05585	0,01112172
0,0559	0,0111215
0,05595	0,01126276
0,056	0,01118474
0,05605	0,01121598
0,0561	0,01126272
0,05615	0,01109074
0,0562	0,01109024
0,05625	0,01116876
0,0563	0,01115348
0,05635	0,01119998
0,0564	0,01120024
0,05645	0,01126298
0,0565	0,01123172
0,05655	0,01123198
0,0566	0,01115324
0,05665	0,01104374
0,0567	0,01107498
0,05675	0,01123148
0,0568	0,01129448
0,05685	0,01124724
0,0569	0,01112196
0,05695	0,01134124
0,057	0,01127848
0,05705	0,01121574
0,0571	0,01134124
0,05715	0,01121598
0,0572	0,01130972
0,05725	0,01124748
0,0573	0,01115324
0,05735	0,01137274
0,0574	0,01120024
0,05745	0,01132574
0,0575	0,01129424
0,05755	0,01121572
0,0576	0,01132598
0,05765	0,01119998
0,0577	0,01124748
0,05775	0,0110435
0,0578	0,01091824
0,05785	0,01104324
0,0579	0,01083972
0,05795	0,01094952
0,058	0,010871
0,05805	0,01074576
0,0581	0,01091824
0,05815	0,01082424
0,0582	0,01074574
0,05825	0,01065148
0,0583	0,0105575
0,05835	0,01068272
0,0584	0,01060424
0,05845	0,01055748
0,0585	0,01047898
0,05855	0,01046348
0,0586	0,0105575
0,05865	0,01040076
0,0587	0,01033774
0,05875	0,0104475
0,0588	0,01011826
0,05885	0,01030676
0,0589	0,010181
0,05895	0,01024374
0,059	0,01016546
0,05905	0,0100085
0,0591	0,01002424
0,05915	0,00996148
0,0592	0,0099145
0,05925	0,00993028
0,0593	0,00991498
0,05935	0,00994576
0,0594	0,00994598
0,05945	0,00978926
0,0595	0,00991472
0,05955	0,00978924
0,0596	0,0097735
0,05965	0,00974224
0,0597	0,00964798
0,05975	0,00974198
0,0598	0,009554
0,05985	0,00955426
0,0599	0,00947576
0,05995	0,00927198
0,06	0,00935048
0,06005	0,0090995
0,0601	0,00914626
0,06015	0,00916226
0,0602	0,00887998
0,06025	0,00903648
0,0603	0,0088015
0,06035	0,00880172
0,0604	0,00892676
0,06045	0,0087075
0,0605	0,00866022
0,06055	0,00842522
0,0606	0,008488
0,06065	0,00842522
0,0607	0,00814252
0,06075	0,0082215
0,0608	0,00803328
0,06085	0,00808026
0,0609	0,00812726
0,06095	0,00786074
0,061	0,00782948
0,06105	0,00773522
0,0611	0,00782928
0,06115	0,007641
0,0612	0,007516
0,06125	0,00756302
0,0613	0,00735898
0,06135	0,00746898
0,0614	0,00734348
0,06145	0,0071555
0,0615	0,00724952
0,06155	0,00715552
0,0616	0,0070925
0,06165	0,00702998
0,0617	0,00699824
0,06175	0,0070455
0,0618	0,0068415
0,06185	0,006936
0,0619	0,00693576
0,06195	0,00677924
0,062	0,00688898
0,06205	0,00682576
0,0621	0,00681048
0,06215	0,00681024
0,0622	0,00673174
0,06225	0,00677896
0,0623	0,0067635
0,06235	0,00660622
0,0624	0,00659098
0,06245	0,00648098
0,0625	0,00648124
0,06255	0,00652776
0,0626	0,00641802
0,06265	0,00641852
0,0627	0,00638726
0,06275	0,00627676
0,0628	0,0062615
0,06285	0,00613576
0,0629	0,00630828
0,06295	0,00605798
0,063	0,0059475
0,06305	0,00594798
0,0631	0,00580676
0,06315	0,00597924
0,0632	0,00572822
0,06325	0,00579124
0,0633	0,0056975
0,06335	0,00561872
0,0634	0,005744
0,06345	0,00543098
0,0635	0,00554074
0,06355	0,00557148
0,0636	0,00528952
0,06365	0,00543076
0,0637	0,00511722
0,06375	0,005415
0,0638	0,00524224
0,06385	0,005023
0,0639	0,00525826
0,06395	0,00500722
0,064	0,00508548
0,06405	0,00499148
0,0641	0,00499148
0,06415	0,00497574
0,0642	0,00477224
0,06425	0,00491322
0,0643	0,00474048
0,06435	0,00469374
0,0644	0,00480374
0,06445	0,00474072
0,0645	0,00474074
0,06455	0,00455274
0,0646	0,00450576
0,06465	0,00445874
0,0647	0,00452124
0,06475	0,00455276
0,0648	0,00445876
0,06485	0,0042235
0,0649	0,004255
0,06495	0,00420774
0,065	0,0042235
0,06505	0,004176
0,0651	0,003941
0,06515	0,00387876
0,0652	0,00398826
0,06525	0,00375276
0,0653	0,0038785
0,06535	0,0036905
0,0654	0,003549
0,06545	0,00361224
0,0655	0,00339226
0,06555	0,00347074
0,0656	0,00332974
0,06565	0,00332976
0,0657	0,00329848
0,06575	0,00301624
0,0658	0,0032045
0,06585	0,0029535
0,0659	0,00304748
0,06595	0,0030475
0,066	0,002938
0,06605	0,00309474
0,0661	0,00284348
0,06615	0,00279672
0,0662	0,0027025
0,06625	0,00251424
0,0663	0,00271798
0,06635	0,00252998
0,0664	0,00265576
0,06645	0,00249898
0,0665	0,002436
0,06655	0,002624
0,0666	0,00243626
0,06665	0,002499
0,0667	0,00237322
0,06675	0,00227898
0,0668	0,00229498
0,06685	0,00213798
0,0669	0,00212248
0,06695	0,00185576
0,067	0,00180852
0,06705	0,001715
0,0671	0,00173048
0,06715	0,0015735
0,0672	0,00151098
0,06725	0,00143226
0,0673	0,00144822
0,06735	0,00135424
0,0674	0,0011505
0,06745	0,00113474
0,0675	0,00097798
0,06755	0,00099348
0,0676	0,00100972
0,06765	0,00093074
0,0677	0,00099376
0,06775	0,00089974
0,0678	0,00088374
0,06785	0,00075852
0,0679	0,00066474
0,06795	0,00064902
0,068	0,00046076
0,06805	0,00049176
0,0681	0,00049174
0,06815	0,00038224
0,0682	0,000492
0,06825	0,000351
0,0683	0,000351
0,06835	0,00042924
0,0684	0,00042924
0,06845	0,00050774
0,0685	0,0002885
0,06855	0,00036652
0,0686	0,000257
0,06865	0,00019424
0,0687	0,00033524
0,06875	0,00019398
0,0688	0,00025698
0,06885	3,748E-05
0,0689	-0,00005626
0,06895	0,00003726
0,069	-0,00016676
0,06905	-0,00015102
0,0691	-0,00022952
0,06915	-0,00030776
0,0692	-0,00027626
0,06925	-0,00048002
0,0693	-0,00046474
0,06935	-0,00063652
0,0694	-0,000684
0,06945	-0,0006525
0,0695	-0,00079374
0,06955	-0,00079376
0,0696	-0,00093476
0,06965	-0,0010445
0,0697	-0,001076
0,06975	-0,001217
0,0698	-0,00121702
0,06985	-0,00129552
0,0699	-0,00135802
0,06995	-0,00135798
0,07	-0,00135802
0,07005	-0,001405
0,0701	-0,0013895
0,07015	-0,00146778
0,0702	-0,00154628
0,07025	-0,00160928
0,0703	-0,00170304
0,07035	-0,0017185
0,0704	-0,00167152
0,07045	-0,00168746
0,0705	-0,00170324
0,07055	-0,0018285
0,0706	-0,00173404
0,07065	-0,00189102
0,0707	-0,00198504
0,07075	-0,00204776
0,0708	-0,0020795
0,07085	-0,00207902
0,0709	-0,00217352
0,07095	-0,002236
0,071	-0,00217326
0,07105	-0,00228274
0,0711	-0,0021415
0,07115	-0,00225176
0,0712	-0,00228274
0,07125	-0,00239276
0,0713	-0,0024555
0,07135	-0,00233
0,0714	-0,00261202
0,07145	-0,0025655
0,0715	-0,002691
0,07155	-0,002816
0,0716	-0,002691
0,07165	-0,002863
0,0717	-0,002816
0,07175	-0,003114
0,0718	-0,003161
0,07185	-0,00309824
0,0719	-0,0032395
0,07195	-0,0031765
0,072	-0,00328652
0,07205	-0,00333352
0,0721	-0,00331774
0,07215	-0,0034435
0,0722	-0,00338048
0,07225	-0,00356876
0,0723	-0,00355302
0,07235	-0,00356876
0,0724	-0,00366302
0,07245	-0,00364726
0,0725	-0,00374126
0,07255	-0,00383524
0,0726	-0,003804
0,07265	-0,0039135
0,0727	-0,00392928
0,07275	-0,00400724
0,0728	-0,00410152
0,07285	-0,00399202
0,0729	-0,00419552
0,07295	-0,00422674
0,073	-0,00424252
0,07305	-0,00424302
0,0731	-0,00432076
0,07315	-0,0043525
0,0732	-0,00435276
0,07325	-0,00425876
0,0733	-0,0045245
0,07335	-0,00450926
0,0734	-0,004431
0,07345	-0,004541
0,0735	-0,00452452
0,07355	-0,004682
0,0736	-0,00463528
0,07365	-0,00474474
0,0737	-0,0049015
0,07375	-0,00486974
0,0738	-0,005105
0,07385	-0,00504276
0,0739	-0,00513626
0,07395	-0,00515226
0,074	-0,00519902
0,07405	-0,00535628
0,0741	-0,0053875
0,07415	-0,00556
0,0742	-0,00562274
0,07425	-0,00571652
0,0743	-0,00588902
0,07435	-0,00581078
0,0744	-0,0060775
0,07445	-0,0062025
0,0745	-0,0061555
0,07455	-0,00634374
0,0746	-0,00637526
0,07465	-0,00643776
0,0747	-0,00653204
0,07475	-0,00657876
0,0748	-0,00668852
0,07485	-0,00670426
0,0749	-0,00676726
0,07495	-0,00686104
0,075	-0,00676702
0,07505	-0,00687702
0,0751	-0,006971
0,07515	-0,0070495
0,0752	-0,00712774
0,07525	-0,00728424
0,0753	-0,007175
0,07535	-0,0073005
0,0754	-0,0073
0,07545	-0,00736324
0,0755	-0,00731602
0,07555	-0,00728424
0,0756	-0,007457
0,07565	-0,00731576
0,0757	-0,007347
0,07575	-0,00734702
0,0758	-0,00751976
0,07585	-0,0076455
0,0759	-0,007567
0,07595	-0,00772376
0,076	-0,0077235
0,07605	-0,00770778
0,0761	-0,0079585
0,07615	-0,007645
0,0762	-0,0079115
0,07625	-0,00794302
0,0763	-0,00809948
0,07635	-0,00813102
0,0764	-0,00802098
0,07645	-0,008241
0,0765	-0,00811526
0,07655	-0,00827226
0,0766	-0,008366
0,07665	-0,008429
0,0767	-0,00855426
0,07675	-0,00850728
0,0768	-0,00864824
0,07685	-0,00869552
0,0769	-0,00872676
0,07695	-0,00878926
0,077	-0,00882102
0,07705	-0,00893078
0,0771	-0,00888352
0,07715	-0,00899352
0,0772	-0,00908726
0,07725	-0,00916552
0,0773	-0,00930726
0,07735	-0,009213
0,0774	-0,00926026
0,07745	-0,00941652
0,0775	-0,0093855
0,07755	-0,009432
0,0776	-0,00955774
0,07765	-0,00958924
0,0777	-0,00960474
0,07775	-0,00976152
0,0778	-0,0097775
0,07785	-0,00980876
0,0779	-0,00985574
0,07795	-0,009887
0,078	-0,01002828
0,07805	-0,01002802
0,0781	-0,01023196
0,07815	-0,0102005
0,0782	-0,01034174
0,07825	-0,010467
0,0783	-0,01042026
0,07835	-0,01057702
0,0784	-0,01068674
0,07845	-0,01065526
0,0785	-0,01085924
0,07855	-0,0107805
0,0786	-0,01096852
0,07865	-0,01100024
0,0787	-0,01115676
0,07875	-0,01132926
0,0788	-0,01126676
0,07885	-0,0115175
0,0789	-0,01142376
0,07895	-0,01154878
0,079	-0,0117055
0,07905	-0,011643
0,0791	-0,01190952
0,07915	-0,01178402
0,0792	-0,01194078
0,07925	-0,01203502
0,0793	-0,01203526
0,07935	-0,01227024
0,0794	-0,0123015
0,07945	-0,01239576
0,0795	-0,01244278
0,07955	-0,01247376
0,0796	-0,012772
0,07965	-0,01264648
0,0797	-0,01272502
0,07975	-0,01288152
0,0798	-0,01278752
0,07985	-0,01292852
0,0799	-0,01294402
0,07995	-0,01297552
0,08	-0,01311702
0,08005	-0,01321076
0,0801	-0,01316352
0,08015	-0,0133205
0,0802	-0,0132735
0,08025	-0,01332076
0,0803	-0,01330478
0,08035	-0,01342976
0,0804	-0,01349302
0,08045	-0,01361852
0,0805	-0,0136965
0,08055	-0,013791
0,0806	-0,01394778
0,08065	-0,01405752
0,0807	-0,01396352
0,08075	-0,01415126
0,0808	-0,01412052
0,08085	-0,01421448
0,0809	-0,01424576
0,08095	-0,014183
0,081	-0,01443374
0,08105	-0,01435552
0,0811	-0,01452776
0,08115	-0,01466898
0,0812	-0,01451178
0,08125	-0,01480952
0,0813	-0,01471626
0,08135	-0,01474754
0,0814	-0,01495128
0,08145	-0,01488828
0,0815	-0,0150295
0,08155	-0,01507652
0,0816	-0,01518602
0,08165	-0,01535852
0,0817	-0,01534276
0,08175	-0,0155
0,0818	-0,01560948
0,08185	-0,0156095
0,0819	-0,01576652
0,08195	-0,01557802
0,082	-0,0158295
0,08205	-0,015719
0,0821	-0,01593898
0,08215	-0,0160645
0,0822	-0,01601676
0,08225	-0,016174
0,0823	-0,01623702
0,08235	-0,01637802
0,0824	-0,01636202
0,08245	-0,01640926
0,0825	-0,01653476
0,08255	-0,01656576
0,0826	-0,0165505
0,08265	-0,01686402
0,0827	-0,01687952
0,08275	-0,01709902
0,0828	-0,01723978
0,08285	-0,01719326
0,0829	-0,01730276
0,08295	-0,01736576
0,083	-0,01742828
0,08305	-0,01763226
0,0831	-0,01771052
0,08315	-0,01767904
0,0832	-0,01794578
0,08325	-0,01791424
0,0833	-0,01825952
0,08335	-0,018181
0,0834	-0,0183535
0,08345	-0,018432
0,0835	-0,01840024
0,08355	-0,0186985
0,0836	-0,01855702
0,08365	-0,0187295
0,0837	-0,0188395
0,08375	-0,018949
0,0838	-0,01915302
0,08385	-0,0191375
0,0839	-0,0193415
0,08395	-0,019357
0,084	-0,01929376
0,08405	-0,01957626
0,0841	-0,01960752
0,08415	-0,01970174
0,0842	-0,01970174
0,08425	-0,0198115
0,0843	-0,01992124
0,08435	-0,01990576
0,0844	-0,02001552
0,08445	-0,02012476
0,0845	-0,02021902
0,08455	-0,02040702
0,0846	-0,02025076
0,08465	-0,02034426
0,0847	-0,02037578
0,08475	-0,02045428
0,0848	-0,020564
0,08485	-0,02058002
0,0849	-0,0207205
0,08495	-0,02083024
0,085	-0,02100302
0,08505	-0,02122276
0,0851	-0,02115952
0,08515	-0,02131626
0,0852	-0,02130052
0,08525	-0,02142576
0,0853	-0,02155174
0,08535	-0,0215675
0,0854	-0,02181826
0,08545	-0,02202226
0,0855	-0,0219595
0,08555	-0,02217848
0,0856	-0,02227252
0,08565	-0,0222575
0,0857	-0,02232002
0,08575	-0,02236676
0,0858	-0,0224925
0,08585	-0,02252378
0,0859	-0,02257076
0,08595	-0,02275874
0,086	-0,02272776
0,08605	-0,0229155
0,0861	-0,02293124
0,08615	-0,02308826
0,0862	-0,02326052
0,08625	-0,02324498
0,0863	-0,02340178
0,08635	-0,02338578
0,0864	-0,02351102
0,08645	-0,02368404
0,0865	-0,02357424
0,08655	-0,02379402
0,0866	-0,02387226
0,08665	-0,023841
0,0867	-0,02405998
0,08675	-0,02399752
0,0868	-0,02434276
0,08685	-0,02427954
0,0869	-0,02432676
0,08695	-0,024515
0,087	-0,02449926
0,08705	-0,02474978
0,0871	-0,024734
0,08715	-0,02487528
0,0872	-0,02504826
0,08725	-0,025079
0,0873	-0,02526726
0,08735	-0,025315
0,0874	-0,02544
0,08745	-0,02551876
0,0875	-0,02558076
0,08755	-0,0258165
0,0876	-0,02576928
0,08765	-0,025926
0,0877	-0,02606724
0,08775	-0,02608276
0,0878	-0,02612948
0,08785	-0,02638052
0,0879	-0,0264435
0,08795	-0,02661602
0,088	-0,02669426
0,08805	-0,0268505
0,0881	-0,0269135
0,08815	-0,02702324
0,0882	-0,02718028
0,08825	-0,0273215
0,0883	-0,02738398
0,08835	-0,02765026
0,0884	-0,0276035
0,08845	-0,02780774
0,0885	-0,02797976
0,08855	-0,02802676
0,0886	-0,02819948
0,08865	-0,02826202
0,0887	-0,02837176
0,08875	-0,02841874
0,0888	-0,02852876
0,08885	-0,02866976
0,0889	-0,028654
0,08895	-0,028889
0,089	-0,0289515
0,08905	-0,02896752
0,0891	-0,029124
0,08915	-0,02898324
0,0892	-0,02926522
0,08925	-0,02913976
0,0893	-0,02939074
0,08935	-0,02956326
0,0894	-0,02940626
0,08945	-0,029626
0,0895	-0,02956326
0,08955	-0,02989274
0,0896	-0,03000224
0,08965	-0,03000226
0,0897	-0,030175
0,08975	-0,03022124
0,0898	-0,0303625
0,08985	-0,03048824
0,0899	-0,0304885
0,08995	-0,030614
0,09	-0,03062976
0,09005	-0,03077
0,0901	-0,03100526
0,09015	-0,03094248
0,0902	-0,03111524
0,09025	-0,0311465
0,0903	-0,031382
0,09035	-0,03142876
0,0904	-0,03146026
0,09045	-0,03172702
0,0905	-0,03171126
0,09055	-0,03185224
0,0906	-0,03196228
0,09065	-0,03194626
0,0907	-0,03207176
0,09075	-0,03215024
0,0908	-0,03238548
0,09085	-0,03244802
0,0909	-0,032558
0,09095	-0,03258898
0,091	-0,03273002
0,09105	-0,03276176
0,0911	-0,03299674
0,09115	-0,03301276
0,0912	-0,033138
0,09125	-0,03320074
0,0913	-0,03329474
0,09135	-0,03351402
0,0914	-0,03356126
0,09145	-0,03362402
0,0915	-0,03376526
0,09155	-0,0337495
0,0916	-0,03401602
0,09165	-0,03407826
0,0917	-0,03431374
0,09175	-0,03453302
0,0918	-0,03445476
0,09185	-0,03470602
0,0919	-0,03473702
0,09195	-0,0348935
0,092	-0,03501902
0,09205	-0,03498826
0,0921	-0,03523876
0,09215	-0,03527024
0,0922	-0,03550548
0,09225	-0,03555226
0,0923	-0,0356305
0,09235	-0,03586602
0,0924	-0,03589702
0,09245	-0,0361165
0,0925	-0,03622652
0,09255	-0,0362265
0,0926	-0,03641474
0,09265	-0,03630476
0,0927	-0,03647726
0,09275	-0,03671224
0,0928	-0,03672824
0,09285	-0,0369795
0,0929	-0,03696324
0,09295	-0,03712076
0,093	-0,03727676
0,09305	-0,03722974
0,0931	-0,03744924
0,09315	-0,03746474
0,0932	-0,037543
0,09325	-0,03776324
0,0933	-0,03779452
0,09335	-0,03799824
0,0934	-0,03806102
0,09345	-0,03821724
0,0935	-0,0382965
0,09355	-0,03829602
0,0936	-0,03846824
0,09365	-0,03837452
0,0937	-0,038547
0,09375	-0,03868778
0,0938	-0,03873476
0,09385	-0,03892326
0,0939	-0,03898574
0,09395	-0,03898628
0,094	-0,03917402
0,09405	-0,03917424
0,0941	-0,03942526
0,09415	-0,03954998
0,0942	-0,03953474
0,09425	-0,03978552
0,0943	-0,03980124
0,09435	-0,0398795
0,0944	-0,04006776
0,09445	-0,03992676
0,0945	-0,04017776
0,09455	-0,04033426
0,0946	-0,04044376
0,09465	-0,04047576
0,0947	-0,04045948
0,09475	-0,04075776
0,0948	-0,0407105
0,09485	-0,04094574
0,0949	-0,04099222
0,09495	-0,04100772
0,095	-0,04122778
0,09505	-0,04129052
0,0951	-0,04147872
0,09515	-0,0416045
0,0952	-0,04158824
0,09525	-0,04185526
0,0953	-0,04174524
0,09535	-0,04187102
0,0954	-0,04204298
0,09545	-0,04199626
0,0955	-0,04202726
0,09555	-0,0421685
0,0956	-0,04227876
0,09565	-0,0424035
0,0957	-0,04240376
0,09575	-0,0425135
0,0958	-0,04249752
0,09585	-0,04268578
0,0959	-0,04268604
0,09595	-0,04278
0,096	-0,04296802
0,09605	-0,04287426
0,0961	-0,04304652
0,09615	-0,04318702
0,0962	-0,04334426
0,09625	-0,04353274
0,0963	-0,04353274
0,09635	-0,0436895
0,0964	-0,04379948
0,09645	-0,04378326
0,0965	-0,04397126
0,09655	-0,04397174
0,0966	-0,04406574
0,09665	-0,044238
0,0967	-0,04425398
0,09675	-0,0444575
0,0968	-0,04448874
0,09685	-0,044567
0,0969	-0,04475574
0,09695	-0,04473974
0,097	-0,04475548
0,09705	-0,04489626
0,0971	-0,04499074
0,09715	-0,04508476
0,0972	-0,04503778
0,09725	-0,0453045
0,0973	-0,04531978
0,09735	-0,04525728
0,0974	-0,04546126
0,09745	-0,045555
0,0975	-0,04563376
0,09755	-0,04560202
0,0976	-0,04580624
0,09765	-0,04588426
0,0977	-0,0458065
0,09775	-0,04596252
0,0978	-0,04599402
0,09785	-0,04602574
0,0979	-0,04618226
0,09795	-0,0462295
0,098	-0,04619776
0,09805	-0,04632348
0,0981	-0,04635472
0,09815	-0,04651146
0,0982	-0,0465115
0,09825	-0,04666824
0,0983	-0,04669972
0,09835	-0,046715
0,0984	-0,04684074
0,09845	-0,04691876
0,0985	-0,04695052
0,09855	-0,04693502
0,0986	-0,047029
0,09865	-0,047217
0,0987	-0,0471855
0,09875	-0,04726424
0,0988	-0,047311
0,09885	-0,04738948
0,0989	-0,04764048
0,09895	-0,04759298
0,099	-0,04765598
0,09905	-0,04776548
0,0991	-0,04790674
0,09915	-0,04809526
0,0992	-0,0480795
0,09925	-0,04812626
0,0993	-0,04822048
0,09935	-0,0482205
0,0994	-0,04847122
0,09945	-0,048487
0,0995	-0,04840872
0,09955	-0,04839248
0,0996	-0,04842426
0,09965	-0,04875324
0,0997	-0,0488165
0,09975	-0,048722
0,0998	-0,0488475
0,09985	-0,048863
0,0999	-0,04898852
0,09995	-0,04902026
0,1	-0,0489415
0,10005	-0,04912978
0,1001	-0,04914526
0,10015	-0,04922398
0,1002	-0,04924002
0,10025	-0,0491925
0,1003	-0,04923972
0,10035	-0,04933324
0,1004	-0,04945902
0,10045	-0,0494275
0,1005	-0,04949
0,10055	-0,04958426
0,1006	-0,0495535
0,10065	-0,04963126
0,1007	-0,04977226
0,10075	-0,04991376
0,1008	-0,050086
0,10085	-0,0501015
0,1009	-0,0501955
0,10095	-0,05022724
0,101	-0,05018028
0,10105	-0,05033676
0,1011	-0,05032152
0,10115	-0,05035276
0,1012	-0,05052474
0,10125	-0,05068176
0,1013	-0,0507605
0,10135	-0,05085424
0,1014	-0,05090124
0,10145	-0,0510735
0,1015	-0,05110526
0,10155	-0,05127776
0,1016	-0,05130878
0,10165	-0,05123074
0,1017	-0,05132452
0,10175	-0,05130898
0,1018	-0,05143426
0,10185	-0,05151278
0,1019	-0,0515285
0,10195	-0,05163798
0,102	-0,05162276
0,10205	-0,05171648
0,1021	-0,05179502
0,10215	-0,0517635
0,1022	-0,05179474
0,10225	-0,051858
0,1023	-0,05199876
0,10235	-0,05195176
0,1024	-0,051983
0,10245	-0,05215576
0,1025	-0,05203026
0,10255	-0,05224976
0,1026	-0,052281
0,10265	-0,0522655
0,1027	-0,052328
0,10275	-0,0523905
0,1028	-0,05242228
0,10285	-0,05245352
0,1029	-0,052438
0,10295	-0,05251624
0,103	-0,05245324
0,10305	-0,05270452
0,1031	-0,052689
0,10315	-0,0527985
0,1032	-0,052877
0,10325	-0,05289226
0,1033	-0,05286076
0,10335	-0,05290824
0,1034	-0,0528925
0,10345	-0,0529395
0,1035	-0,05295498
0,10355	-0,05292374
0,1036	-0,05308072
0,10365	-0,0530495
0,1037	-0,05309648
0,10375	-0,05303348
0,1038	-0,05309648
0,10385	-0,05314326
0,1039	-0,0531905
0,10395	-0,05323748
0,104	-0,05330026
0,10405	-0,05325298
0,1041	-0,05341
0,10415	-0,053457
0,1042	-0,0536135
0,10425	-0,0536135
0,1043	-0,05359776
0,10435	-0,053755
0,1044	-0,0536765
0,10445	-0,0538015
0,1045	-0,05386448
0,10455	-0,053786
0,1046	-0,0538965
0,10465	-0,05391126
0,1047	-0,05388024
0,10475	-0,05391126
0,1048	-0,05395848
0,10485	-0,05402126
0,1049	-0,05406852
0,10495	-0,05417826
0,105	-0,0541625
0,10505	-0,05403674
0,1051	-0,05427226
0,10515	-0,05436626
0,1052	-0,05439776
0,10525	-0,05458576
0,1053	-0,0545545
0,10535	-0,05457
0,1054	-0,05458552
0,10545	-0,05467948
0,1055	-0,05477402
0,10555	-0,05475824
0,1056	-0,0549145
0,10565	-0,05494624
0,1057	-0,05491476
0,10575	-0,05500924
0,1058	-0,05507176
0,10585	-0,05513474
0,1059	-0,05522874
0,10595	-0,0552285
0,106	-0,05532276
0,10605	-0,0553065
0,1061	-0,05546402
0,10615	-0,05541676
0,1062	-0,05535374
0,10625	-0,05563604
0,1063	-0,05549526
0,10635	-0,055605
0,1064	-0,055605
0,10645	-0,05563676
0,1065	-0,055793
0,10655	-0,05574602
0,1066	-0,05599698
0,10665	-0,05591874
0,1067	-0,05576176
0,10675	-0,05587124
0,1068	-0,05582426
0,10685	-0,056028
0,1069	-0,0559185
0,10695	-0,055997
0,107	-0,05601248
0,10705	-0,05593398
0,1071	-0,05613774
0,10715	-0,05616922
0,1072	-0,05605974
0,10725	-0,05616924
0,1073	-0,056091
0,10735	-0,05627924
0,1074	-0,0562635
0,10745	-0,05620076
0,1075	-0,05623176
0,10755	-0,05610652
0,1076	-0,05631
0,10765	-0,0564515
0,1077	-0,05640474
0,10775	-0,05660852
0,1078	-0,05670276
0,10785	-0,056765
0,1079	-0,0566705
0,10795	-0,0567025
0,108	-0,0567495
0,10805	-0,05684376
0,1081	-0,05692174
0,10815	-0,05682774
0,1082	-0,05684326
0,10825	-0,0569375
0,1083	-0,05707824
0,10835	-0,05714152
0,1084	-0,0571725
0,10845	-0,05718826
0,1085	-0,05728276
0,10855	-0,05722002
0,1086	-0,0573455
0,10865	-0,05743954
0,1087	-0,05747098
0,10875	-0,057455
0,1088	-0,05748652
0,10885	-0,05753352
0,1089	-0,0575805
0,10895	-0,05773698
0,109	-0,057831
0,10905	-0,05765902
0,1091	-0,057643
0,10915	-0,05769
0,1092	-0,05776826
0,10925	-0,05775248
0,1093	-0,05773724
0,10935	-0,05761148
0,1094	-0,05775298
0,10945	-0,05775274
0,1095	-0,05779974
0,10955	-0,05786248
0,1096	-0,05776852
0,10965	-0,05786224
0,1097	-0,05784674
0,10975	-0,05797226
0,1098	-0,05798774
0,10985	-0,05792524
0,1099	-0,0579565
0,10995	-0,05790974
0,11	-0,05800376
0,11005	-0,05809752
0,1101	-0,05794076
0,11015	-0,05812902
0,1102	-0,05805074
0,11025	-0,05819226
0,1103	-0,05819176
0,11035	-0,05831726
0,1104	-0,05842698
0,11045	-0,058364
0,1105	-0,05850524
0,11055	-0,05863076
0,1106	-0,05861476
0,11065	-0,05875574
0,1107	-0,058725
0,11075	-0,05881876
0,1108	-0,05888174
0,11085	-0,05870924
0,1109	-0,05889724
0,11095	-0,05891274
0,111	-0,0588815
0,11105	-0,05903822
0,1111	-0,05903876
0,11115	-0,05914824
0,1112	-0,05902248
0,11125	-0,0589445
0,1113	-0,059007
0,11135	-0,05907002
0,1114	-0,05924202
0,11145	-0,05908552
0,1115	-0,05902252
0,11155	-0,059148
0,1116	-0,05913228
0,11165	-0,05921074
0,1117	-0,05927376
0,11175	-0,059164
0,1118	-0,05935174
0,11185	-0,05925802
0,1119	-0,05935226
0,11195	-0,05925798
0,112	-0,05917924
0,11205	-0,05933652
0,1121	-0,05924252
0,11215	-0,05952426
0,1122	-0,0595405
0,11225	-0,059399
0,1123	-0,0596185
0,11235	-0,05950876
0,1124	-0,05966576
0,11245	-0,05963452
0,1125	-0,0595555
0,11255	-0,0595555
0,1126	-0,05964948
0,11265	-0,05968126
0,1127	-0,0597755
0,11275	-0,05971278
0,1128	-0,05980676
0,11285	-0,05971276
0,1129	-0,059838
0,11295	-0,059854
0,113	-0,0598225
0,11305	-0,059932
0,1131	-0,05980676
0,11315	-0,05988524
0,1132	-0,05994776
0,11325	-0,05983826
0,1133	-0,06012026
0,11335	-0,05996352
0,1134	-0,06008876
0,11345	-0,06004176
0,1135	-0,0601045
0,11355	-0,06013576
0,1136	-0,06005778
0,11365	-0,0600735
0,1137	-0,060167
0,11375	-0,06011998
0,1138	-0,06015174
0,11385	-0,06015124
0,1139	-0,06019902
0,11395	-0,06023028
0,114	-0,06024524
0,11405	-0,060277
0,1141	-0,06021426
0,11415	-0,06029276
0,1142	-0,06030826
0,11425	-0,0603555
0,1143	-0,060512
0,11435	-0,06038648
0,1144	-0,06046476
0,11445	-0,060575
0,1145	-0,0605435
0,11455	-0,06048098
0,1146	-0,06054376
0,11465	-0,06049676
0,1147	-0,0605905
0,11475	-0,06052776
0,1148	-0,06066874
0,11485	-0,060669
0,1149	-0,06071598
0,11495	-0,06073152
0,115	-0,060857
0,11505	-0,060951
0,1151	-0,060951
0,11515	-0,06091974
0,1152	-0,06106102
0,11525	-0,06113926
0,1153	-0,06120226
0,11535	-0,0612645
0,1154	-0,06112348
0,11545	-0,06123352
0,1155	-0,06117052
0,11555	-0,061249
0,1156	-0,06129604
0,11565	-0,06120202
0,1157	-0,06129598
0,11575	-0,06118652
0,1158	-0,06129602
0,11585	-0,06132728
0,1159	-0,061202
0,11595	-0,06131148
0,116	-0,0613115
0,11605	-0,06145274
0,1161	-0,06146824
0,11615	-0,06131176
0,1162	-0,0615155
0,11625	-0,06143724
0,1163	-0,06145274
0,11635	-0,06153126
0,1164	-0,06134326
0,11645	-0,06149974
0,1165	-0,06135874
0,11655	-0,06142152
0,1166	-0,0614845
0,11665	-0,0613585
0,1167	-0,061531
0,11675	-0,06148374
0,1168	-0,0615
0,11685	-0,06156276
0,1169	-0,06146876
0,11695	-0,0615785
0,117	-0,06143724
0,11705	-0,06162554
0,1171	-0,061594
0,11715	-0,06154702
0,1172	-0,06156276
0,11725	-0,06165702
0,1173	-0,061578
0,11735	-0,06167226
0,1174	-0,06178202
0,11745	-0,06181376
0,1175	-0,06176652
0,11755	-0,06167224
0,1176	-0,0618135
0,11765	-0,06184502
0,1177	-0,0618135
0,11775	-0,0619075
0,1178	-0,06187602
0,11785	-0,06193874
0,1179	-0,06184452
0,11795	-0,06186024
0,118	-0,06198602
0,11805	-0,06196998
0,1181	-0,06198602
0,11815	-0,0619235
0,1182	-0,06198626
0,11825	-0,06198552
0,1183	-0,06197052
0,11835	-0,06190776
0,1184	-0,06192326
0,11845	-0,062096
0,1185	-0,06207976
0,11855	-0,06198602
0,1186	-0,06215826
0,11865	-0,06195474
0,1187	-0,06206426
0,11875	-0,0620955
0,1188	-0,06201702
0,11885	-0,062237
0,1189	-0,06214226
0,11895	-0,0622995
0,119	-0,06220524
0,11905	-0,06220522
0,1191	-0,06240928
0,11915	-0,06229976
0,1192	-0,06233074
0,11925	-0,06247176
0,1193	-0,06236226
0,11935	-0,06244074
0,1194	-0,06239326
0,11945	-0,06244076
0,1195	-0,06256574
0,11955	-0,06261276
0,1196	-0,06267574
0,11965	-0,06264452
0,1197	-0,06270724
0,11975	-0,06280152
0,1198	-0,062691
0,11985	-0,06286374
0,1199	-0,06270728
0,11995	-0,0628165
0,12	-0,062817
0,12005	-0,06283252
0,1201	-0,06294248
0,12015	-0,06292674
0,1202	-0,06283276
0,12025	-0,06295802
0,1203	-0,06284828
0,12035	-0,06300502
0,1204	-0,06292652
0,12045	-0,06278576
0,1205	-0,06283302
0,12055	-0,06275426
0,1206	-0,06287952
0,12065	-0,06291078
0,1207	-0,06289528
0,12075	-0,06295802
0,1208	-0,06286376
0,12085	-0,06291104
0,1209	-0,06294198
0,12095	-0,06277
0,121	-0,06287976
0,12105	-0,0626915
0,1211	-0,06278578
0,12115	-0,06283248
0,1212	-0,0627543
0,12125	-0,06287926
0,1213	-0,06288002
0,12135	-0,06292652
0,1214	-0,06291102
0,12145	-0,06283252
0,1215	-0,0628955
0,12155	-0,062848
0,1216	-0,06291102
0,12165	-0,0628795
0,1217	-0,06272274
0,12175	-0,062958
0,1218	-0,0629265
0,12185	-0,06286372
0,1219	-0,06287924
0,12195	-0,0628795
0,122	-0,062989
0,12205	-0,06295802
0,1221	-0,06294226
0,12215	-0,06300526
0,1222	-0,062989
0,12225	-0,063146
0,1223	-0,0629735
0,12235	-0,06289552
0,1224	-0,063036
0,12245	-0,06303626
0,1225	-0,063099
0,12255	-0,06302076
0,1226	-0,06303624
0,12265	-0,06308302
0,1227	-0,06287922
0,12275	-0,06302074
0,1228	-0,06298926
0,12285	-0,06302048
0,1229	-0,063099
0,12295	-0,06294224
0,123	-0,06306748
0,12305	-0,06298954
0,1231	-0,06303624
0,12315	-0,06306774
0,1232	-0,0629735
0,12325	-0,06314576
0,1233	-0,06300502
0,12335	-0,06300474
0,1234	-0,06306774
0,12345	-0,0629735
0,1235	-0,06305176
0,12355	-0,06305198
0,1236	-0,06311476
0,12365	-0,063068
0,1237	-0,0631615
0,12375	-0,06314622
0,1238	-0,06306752
0,12385	-0,06313022
0,1239	-0,06316176
0,12395	-0,06311448
0,124	-0,06319298
0,12405	-0,06342798
0,1241	-0,06319272
0,12415	-0,06328722
0,1242	-0,06330326
0,12425	-0,06336576
0,1243	-0,06333428
0,12435	-0,06333398
0,1244	-0,06349126
0,12445	-0,06341224
0,1245	-0,06342826
0,12455	-0,06353774
0,1246	-0,0635695
0,12465	-0,063569
0,1247	-0,06363202
0,12475	-0,06358498
0,1248	-0,06360076
0,12485	-0,0634595
0,1249	-0,06355372
0,12495	-0,06356902
0,125	-0,06361624
0,12505	-0,06363224
0,1251	-0,06356948
0,12515	-0,06367924
0,1252	-0,06358476
0,12525	-0,06360076
0,1253	-0,063616
0,12535	-0,06356924
0,1254	-0,06366348
0,12545	-0,0634595
0,1255	-0,0634285
0,12555	-0,063491
0,1256	-0,06344398
0,12565	-0,06345924
0,1257	-0,06345974
0,12575	-0,06339672
0,1258	-0,063522
0,12585	-0,06350676
0,1259	-0,06352226
0,12595	-0,06349098
0,126	-0,06339676
0,12605	-0,0633815
0,1261	-0,06352226
0,12615	-0,06352226
0,1262	-0,06349048
0,12625	-0,06347524
0,1263	-0,06356922
0,12635	-0,0634435
0,1264	-0,06349074
0,12645	-0,063554
0,1265	-0,06342848
0,12655	-0,06342798
0,1266	-0,063491
0,12665	-0,06345952
0,1267	-0,06345976
0,12675	-0,06339674
0,1268	-0,06352274
0,12685	-0,06339698
0,1269	-0,0634285
0,12695	-0,063507
0,127	-0,06345974
0,12705	-0,06353776
0,1271	-0,06341228
0,12715	-0,063475
0,1272	-0,06331826
0,12725	-0,06347548
0,1273	-0,06352198
0,12735	-0,063381
0,1274	-0,06342826
0,12745	-0,0634125
0,1275	-0,063381
0,12755	-0,06342798
0,1276	-0,06334972
0,12765	-0,06342824
0,1277	-0,06338126
0,12775	-0,06342824
0,1278	-0,06349074
0,12785	-0,06341226
0,1279	-0,0633655
0,12795	-0,06347524
0,128	-0,06347548
0,12805	-0,06356922
0,1281	-0,06358524
0,12815	-0,063538
0,1282	-0,0637265
0,12825	-0,06358498
0,1283	-0,06372574
0,12835	-0,06361676
0,1284	-0,06349102
0,12845	-0,06369474
0,1285	-0,06361624
0,12855	-0,063695
0,1286	-0,063726
0,12865	-0,06378874
0,1287	-0,0637415
0,12875	-0,06382
0,1288	-0,06402398
0,12885	-0,06396124
0,1289	-0,06389824
0,12895	-0,06385174
0,129	-0,06380472
0,12905	-0,06399276
0,1291	-0,06394548
0,12915	-0,06393024
0,1292	-0,063993
0,12925	-0,0638045
0,1293	-0,0640245
0,12935	-0,0639775
0,1294	-0,06391424
0,12945	-0,06403974
0,1295	-0,06397648
0,12955	-0,06404002
0,1296	-0,06400874
0,12965	-0,06400824
0,1297	-0,06399298
0,12975	-0,06407148
0,1298	-0,064118
0,12985	-0,06408724
0,1299	-0,06402448
0,12995	-0,06394576
0,13	-0,0639615
0,13005	-0,06393
0,1301	-0,06392998
0,13015	-0,0639615
0,1302	-0,06389852
0,13025	-0,06386724
0,1303	-0,06386724
0,13035	-0,06394548
0,1304	-0,0638675
0,13045	-0,0641025
0,1305	-0,06399276
0,13055	-0,06383576
0,1306	-0,06392974
0,13065	-0,06386698
0,1307	-0,06385174
0,13075	-0,06393002
0,1308	-0,06386724
0,13085	-0,0638515
0,1309	-0,06380452
0,13095	-0,06389876
0,131	-0,06375746
0,13105	-0,06364776
0,1311	-0,06378898
0,13115	-0,06369448
0,1312	-0,06388274
0,13125	-0,06375774
0,1313	-0,06375748
0,13135	-0,06380448
0,1314	-0,06378872
0,13145	-0,06385148
0,1315	-0,06382024
0,13155	-0,063773
0,1316	-0,0637735
0,13165	-0,06369448
0,1317	-0,06380424
0,13175	-0,06386722
0,1318	-0,06372574
0,13185	-0,06378874
0,1319	-0,06375776
0,13195	-0,06383626
0,132	-0,0637575
0,13205	-0,06366324
0,1321	-0,063867
0,13215	-0,06366324
0,1322	-0,06367898
0,13225	-0,063757
0,1323	-0,06366322
0,13235	-0,0636795
0,1324	-0,06372572
0,13245	-0,06378876
0,1325	-0,06382048
0,13255	-0,06380474
0,1326	-0,06380472
0,13265	-0,06385124
0,1327	-0,06383598
0,13275	-0,06394548
0,1328	-0,0638205
0,13285	-0,06397726
0,1329	-0,06386726
0,13295	-0,06372624
0,133	-0,06402426
0,13305	-0,06383576
0,1331	-0,06396124
0,13315	-0,06396148
0,1332	-0,06383574
0,13325	-0,06407098
0,1333	-0,06403998
0,13335	-0,06413402
0,1334	-0,06413372
0,13345	-0,06414974
0,1335	-0,06413374
0,13355	-0,063977
0,1336	-0,06418074
0,13365	-0,06418148
0,1337	-0,064134
0,13375	-0,06427474
0,1338	-0,064275
0,13385	-0,06429122
0,1339	-0,06418074
0,13395	-0,06407124
0,134	-0,0640395
0,13405	-0,0639455
0,1341	-0,06411826
0,13415	-0,06407124
0,1342	-0,0641025
0,13425	-0,0640865
0,1343	-0,06410198
0,13435	-0,0641655
0,1344	-0,0642435
0,13445	-0,06411824
0,1345	-0,0641335
0,13455	-0,0641025
0,1346	-0,06410274
0,13465	-0,0640395
0,1347	-0,06414948
0,13475	-0,0641335
0,1348	-0,06421176
0,13485	-0,06424374
0,1349	-0,06422824
0,13495	-0,06413374
0,135	-0,06418074
0,13505	-0,0641655
0,1351	-0,06418098
0,13515	-0,0642125
0,1352	-0,06414976
0,13525	-0,06433752
0,1353	-0,06427526
0,13535	-0,06405576
0,1354	-0,064071
0,13545	-0,06407124
0,1355	-0,06411826
0,13555	-0,0641965
0,1356	-0,06410222
0,13565	-0,06400848
0,1357	-0,063977
0,13575	-0,06403948
0,1358	-0,064118
0,13585	-0,0640555
0,1359	-0,06410274
0,13595	-0,06394574
0,136	-0,0641495
0,13605	-0,06397726
0,1361	-0,06402376
0,13615	-0,06408676
0,1362	-0,06402424
0,13625	-0,06407126
0,1363	-0,06400848
0,13635	-0,0640395
0,1364	-0,064024
0,13645	-0,06396124
0,1365	-0,064071
0,13655	-0,0640085
0,1366	-0,06411824
0,13665	-0,06400848
0,1367	-0,06396124
0,13675	-0,064024
0,1368	-0,0640715
0,13685	-0,06402426
0,1369	-0,06399274
0,13695	-0,06397702
0,137	-0,06403976
0,13705	-0,0640865
0,1371	-0,06405576
0,13715	-0,06393
0,1372	-0,06391398
0,13725	-0,06403976
0,1373	-0,06402426
0,13735	-0,06397726
0,1374	-0,063977
0,13745	-0,06400852
0,1375	-0,063977
0,13755	-0,06397726
0,1376	-0,06405552
0,13765	-0,064102
0,1377	-0,0640555
0,13775	-0,0641495
0,1378	-0,06425952
0,13785	-0,064165
0,1379	-0,06419626
0,13795	-0,0642275
0,138	-0,06416526
0,13805	-0,06429074
0,1381	-0,06421226
0,13815	-0,06430626
0,1382	-0,0642905
0,13825	-0,06435326
0,1383	-0,06440074
0,13835	-0,06424348
0,1384	-0,06433776
0,13845	-0,06435348
0,1385	-0,06440076
0,13855	-0,06432198
0,1386	-0,06419626
0,13865	-0,06432202
0,1387	-0,06427498
0,13875	-0,06427474
0,1388	-0,06430626
0,13885	-0,06427472
0,1389	-0,06440026
0,13895	-0,0643065
0,139	-0,0643065
0,13905	-0,06421176
0,1391	-0,06410276
0,13915	-0,06416524
0,1392	-0,06416524
0,13925	-0,06411826
0,1393	-0,06413348
0,13935	-0,06413424
0,1394	-0,06422848
0,13945	-0,06413376
0,1395	-0,06407126
0,13955	-0,0641655
0,1396	-0,06416526
0,13965	-0,06410248
0,1397	-0,06411826
0,13975	-0,06410274
0,1398	-0,06403974
0,13985	-0,064181
0,1399	-0,0641025
0,13995	-0,0640865
0,14	-0,06400824
0,14005	-0,06400826
0,1401	-0,06411826
0,14015	-0,06407124
0,1402	-0,0640555
0,14025	-0,06393
0,1403	-0,06405576
0,14035	-0,06397702
0,1404	-0,0639615
0,14045	-0,06404
0,1405	-0,06392974
0,14055	-0,064008
0,1406	-0,06396174
0,14065	-0,06394524
0,1407	-0,0639925
0,14075	-0,06388272
0,1408	-0,0640085
0,14085	-0,0639145
0,1409	-0,06386698
0,14095	-0,06389826
0,141	-0,0639145
0,14105	-0,06411826
0,1411	-0,0639615
0,14115	-0,063977
0,1412	-0,06410246
0,14125	-0,063883
0,1413	-0,06397724
0,14135	-0,06400848
0,1414	-0,06402422
0,14145	-0,06402424
0,1415	-0,06399274
0,14155	-0,06407124
0,1416	-0,06402398
0,14165	-0,06400848
0,1417	-0,06408702
0,14175	-0,06399248
0,1418	-0,06400852
0,14185	-0,06402424
0,1419	-0,063977
0,14195	-0,06403974
0,142	-0,06397724
0,14205	-0,06399252
0,1421	-0,064181
0,14215	-0,06400876
0,1422	-0,0641655
0,14225	-0,06421224
0,1423	-0,06421226
0,14235	-0,06418098
0,1424	-0,0640395
0,14245	-0,0642435
0,1425	-0,06413374
0,14255	-0,064259
0,1426	-0,06418102
0,14265	-0,06408676
0,1427	-0,0642905
0,14275	-0,06418098
0,1428	-0,06414974
0,14285	-0,06419674
0,1429	-0,06408674
0,14295	-0,06421224
0,143	-0,064165
0,14305	-0,06419674
0,1431	-0,06416524
0,14315	-0,06411774
0,1432	-0,06418076
0,14325	-0,06418124
0,1433	-0,06421248
0,14335	-0,0640555
0,1434	-0,06403974
0,14345	-0,06407124
0,1435	-0,06405574
0,14355	-0,06402424
0,1436	-0,06403974
0,14365	-0,06392974
0,1437	-0,06394524
0,14375	-0,06388324
0,1438	-0,06391424
0,14385	-0,06385148
0,1439	-0,06385174
0,14395	-0,0639455
0,144	-0,063961
0,14405	-0,0639455
0,1441	-0,06386724
0,14415	-0,06382
0,1442	-0,0639765
0,14425	-0,06386722
0,1443	-0,06383574
0,14435	-0,06382026
0,1444	-0,06374174
0,14445	-0,06386726
0,1445	-0,06377324
0,14455	-0,06375748
0,1446	-0,06378874
0,14465	-0,0638515
0,1447	-0,06383598
0,14475	-0,063836
0,1448	-0,06374172
0,14485	-0,0638515
0,1449	-0,063883
0,14495	-0,06372626
0,145	-0,06378874
0,14505	-0,06374174
0,1451	-0,0638205
0,14515	-0,06380452
0,1452	-0,06374176
0,14525	-0,0636635
0,1453	-0,06369474
0,14535	-0,06374174
0,1454	-0,06374174
0,14545	-0,06364748
0,1455	-0,063663
0,14555	-0,06364774
0,1456	-0,0638045
0,14565	-0,06363172
0,1457	-0,06363226
0,14575	-0,06364798
0,1458	-0,06364774
0,14585	-0,06369474
0,1459	-0,06353798
0,14595	-0,063663
0,146	-0,06366346
0,14605	-0,0636945
0,1461	-0,0639145
0,14615	-0,063836
0,1462	-0,06375752
0,14625	-0,06385126
0,1463	-0,063773
0,14635	-0,06385126
0,1464	-0,06366352
0,14645	-0,06367922
0,1465	-0,063726
0,14655	-0,06363224
0,1466	-0,06385176
0,14665	-0,06380426
0,1467	-0,06378848
0,14675	-0,06392948
0,1468	-0,06388274
0,14685	-0,06403976
0,1469	-0,06397726
0,14695	-0,06386726
0,147	-0,06392974
0,14705	-0,063946
0,1471	-0,0642125
0,14715	-0,06408674
0,1472	-0,06400824
0,14725	-0,06410248
0,1473	-0,06403974
0,14735	-0,06421226
0,1474	-0,064118
0,14745	-0,06403974
0,1475	-0,06396126
0,14755	-0,0638985
0,1476	-0,06405574
0,14765	-0,06392974
0,1477	-0,0637575
0,14775	-0,06389824
0,1478	-0,06378874
0,14785	-0,06396124
0,1479	-0,0638825
0,14795	-0,0638515
0,148	-0,0637575
0,14805	-0,063757
0,1481	-0,06378874
0,14815	-0,06364798
0,1482	-0,06360074
0,14825	-0,063522
0,1483	-0,06358552
0,14835	-0,06355324
0,1484	-0,063632
0,14845	-0,06358472
0,1485	-0,06367924
0,14855	-0,0636475
0,1486	-0,06367874
0,14865	-0,06352224
0,1487	-0,063538
0,14875	-0,06353824
0,1488	-0,06350626
0,14885	-0,063585
0,1489	-0,06347524
0,14895	-0,06347548
0,149	-0,06350676
0,14905	-0,06352224
0,1491	-0,06345974
0,14915	-0,06342798
0,1492	-0,06341226
0,14925	-0,06356924
0,1493	-0,0635065
0,14935	-0,06349126
0,1494	-0,0635225
0,14945	-0,0636005
0,1495	-0,06341224
0,14955	-0,06328698
0,1496	-0,06334952
0,14965	-0,06322424
0,1497	-0,063287
0,14975	-0,06331848
0,1498	-0,0631775
0,14985	-0,06325576
0,1499	-0,0632245
0,14995	-0,06327098
0,15	-0,0631615
0,15005	-0,06311452
0,1501	-0,06320876
0,15015	-0,0631455
0,1502	-0,0632555
0,15025	-0,06323972
0,1503	-0,06320872
0,15035	-0,06333402
0,1504	-0,063287
0,15045	-0,06324024
0,1505	-0,063318
0,15055	-0,06324028
0,1506	-0,06338128
0,15065	-0,06328728
0,1507	-0,06333426
0,15075	-0,06344398
0,1508	-0,06335022
0,15085	-0,0633345
0,1509	-0,06327152
0,15095	-0,06328698
0,151	-0,06330274
0,15105	-0,06327174
0,1511	-0,06324
0,15115	-0,0632715
0,1512	-0,06344426
0,15125	-0,06349076
0,1513	-0,06355372
0,15135	-0,06347526
0,1514	-0,06349098
0,15145	-0,06342826
0,1515	-0,06360074
0,15155	-0,06350676
0,1516	-0,06345952
0,15165	-0,06349098
0,1517	-0,06347526
0,15175	-0,0635225
0,1518	-0,06361648
0,15185	-0,06352248
0,1519	-0,063679
0,15195	-0,06345948
0,152	-0,06341224
0,15205	-0,06341224
0,1521	-0,0633185
0,15215	-0,06345976
0,1522	-0,0634125
0,15225	-0,06347524
0,1523	-0,06334974
0,15235	-0,06331798
0,1524	-0,06345926
0,15245	-0,06334974
0,1525	-0,0633655
0,15255	-0,06327128
0,1526	-0,06328696
0,15265	-0,063334
0,1527	-0,06316124
0,15275	-0,06322426
0,1528	-0,06314574
0,15285	-0,0632555
0,1529	-0,06320852
0,15295	-0,06313026
0,153	-0,0631615
0,15305	-0,06313024
0,1531	-0,06314576
0,15315	-0,0631615
0,1532	-0,063052
0,15325	-0,06303624
0,1533	-0,06302048
0,15335	-0,06308324
0,1534	-0,063099
0,15345	-0,06292674
0,1535	-0,06295774
0,15355	-0,06286374
0,1536	-0,06302022
0,15365	-0,06295774
0,1537	-0,06287974
0,15375	-0,062895
0,1538	-0,06275426
0,15385	-0,06287974
0,1539	-0,06280074
0,15395	-0,06287952
0,154	-0,06281672
0,15405	-0,06284824
0,1541	-0,06291074
0,15415	-0,06286378
0,1542	-0,06289526
0,15425	-0,06280126
0,1543	-0,06278526
0,15435	-0,06272278
0,1544	-0,06272278
0,15445	-0,06280122
0,1545	-0,06261302
0,15455	-0,06267574
0,1546	-0,0626445
0,15465	-0,06261274
0,1547	-0,0626758
0,15475	-0,06251902
0,1548	-0,06256578
0,15485	-0,06248776
0,1549	-0,062566
0,15495	-0,06256602
0,155	-0,06251904
0,15505	-0,06258202
0,1551	-0,06258152
0,15515	-0,06278576
0,1552	-0,06267576
0,15525	-0,06267602
0,1553	-0,06278526
0,15535	-0,06262876
0,1554	-0,06272276
0,15545	-0,06262876
0,1555	-0,0626915
0,15555	-0,06267576
0,1556	-0,06261276
0,15565	-0,06266002
0,1557	-0,06261276
0,15575	-0,062723
0,1558	-0,06276976
0,15585	-0,06273874
0,1559	-0,06284826
0,15595	-0,06276976
0,156	-0,06286376
0,15605	-0,0628325
0,1561	-0,06286398
0,15615	-0,062848
0,1562	-0,06265978
0,15625	-0,0628325
0,1563	-0,06270678
0,15635	-0,06283202
0,1564	-0,06280124
0,15645	-0,06273852
0,1565	-0,0629105
0,15655	-0,06273824
0,1566	-0,06276976
0,15665	-0,06273824
0,1567	-0,06256578
0,15675	-0,06270702
0,1568	-0,06256602
0,15685	-0,0626285
0,1569	-0,06253476
0,15695	-0,06262876
0,157	-0,06264448
0,15705	-0,0625345
0,1571	-0,06247228
0,15715	-0,06234652
0,1572	-0,06240952
0,15725	-0,06237774
0,1573	-0,0622995
0,15735	-0,0623775
0,1574	-0,06229926
0,15745	-0,06229952
0,1575	-0,06225276
0,15755	-0,06229926
0,1576	-0,06231552
0,15765	-0,06236254
0,1577	-0,06247202
0,15775	-0,06231526
0,1578	-0,06240928
0,15785	-0,06231528
0,1579	-0,06234626
0,15795	-0,06248776
0,158	-0,06225252
0,15805	-0,06240926
0,1581	-0,06233074
0,15815	-0,062284
0,1582	-0,06236226
0,15825	-0,06217424
0,1583	-0,06229926
0,15835	-0,06223702
0,1584	-0,0623465
0,15845	-0,062252
0,1585	-0,06218976
0,15855	-0,06225226
0,1586	-0,062174
0,15865	-0,06228402
0,1587	-0,0622205
0,15875	-0,06217378
0,1588	-0,06234678
0,15885	-0,06212726
0,1589	-0,06228378
0,15895	-0,06204848
0,159	-0,062158
0,15905	-0,06212726
0,1591	-0,06209578
0,15915	-0,06220576
0,1592	-0,062049
0,15925	-0,06211126
0,1593	-0,06200124
0,15935	-0,06186026
0,1594	-0,06195476
0,15945	-0,06195476
0,1595	-0,06200174
0,15955	-0,06184526
0,1596	-0,06181352
0,15965	-0,06198602
0,1597	-0,06184474
0,15975	-0,061986
0,1598	-0,061876
0,15985	-0,0619545
0,1599	-0,06192326
0,15995	-0,06195452
