0	-0,0676608
0,00005	-0,0677396
0,0001	-0,067756
0,00015	-0,0675204
0,0002	-0,0675984
0,00025	-0,067598
0,0003	-0,06763
0,00035	-0,0676304
0,0004	-0,067426
0,00045	-0,0676296
0,0005	-0,0675204
0,00055	-0,0676612
0,0006	-0,0675984
0,00065	-0,067536
0,0007	-0,0675828
0,00075	-0,067614
0,0008	-0,0675828
0,00085	-0,0676932
0,0009	-0,06763
0,00095	-0,0675984
0,001	-0,067614
0,00105	-0,0675984
0,0011	-0,067692
0,00115	-0,067724
0,0012	-0,0676456
0,00125	-0,0676612
0,0013	-0,0676772
0,00135	-0,0677712
0,0014	-0,0677868
0,00145	-0,067756
0,0015	-0,0678652
0,00155	-0,0677088
0,0016	-0,0678496
0,00165	-0,0677872
0,0017	-0,0677868
0,00175	-0,0678652
0,0018	-0,067724
0,00185	-0,0678964
0,0019	-0,0677556
0,00195	-0,0677872
0,002	-0,0680372
0,00205	-0,0677864
0,0021	-0,0679588
0,00215	-0,0679432
0,0022	-0,0679752
0,00225	-0,0679272
0,0023	-0,0678968
0,00235	-0,0678656
0,0024	-0,067724
0,00245	-0,0677868
0,0025	-0,0678344
0,00255	-0,067756
0,0026	-0,0678184
0,00265	-0,0677716
0,0027	-0,0678496
0,00275	-0,0676928
0,0028	-0,0676932
0,00285	-0,0676616
0,0029	-0,0677248
0,00295	-0,067536
0,003	-0,0676148
0,00305	-0,0676928
0,0031	-0,067536
0,00315	-0,0676932
0,0032	-0,0675208
0,00325	-0,0676772
0,0033	-0,0675044
0,00335	-0,0674264
0,0034	-0,0674416
0,00345	-0,0673168
0,0035	-0,0675044
0,00355	-0,0673324
0,0036	-0,0673796
0,00365	-0,0673484
0,0037	-0,0672072
0,00375	-0,0673476
0,0038	-0,0672856
0,00385	-0,0673792
0,0039	-0,0673796
0,00395	-0,0671904
0,004	-0,0672696
0,00405	-0,0671756
0,0041	-0,0673008
0,00415	-0,0671752
0,0042	-0,0671752
0,00425	-0,067238
0,0043	-0,0671756
0,00435	-0,0672068
0,0044	-0,0672224
0,00445	-0,06705
0,0045	-0,0670028
0,00455	-0,067034
0,0046	-0,067066
0,00465	-0,0670968
0,0047	-0,067034
0,00475	-0,0671128
0,0048	-0,06705
0,00485	-0,0669252
0,0049	-0,0670184
0,00495	-0,0669716
0,005	-0,0669244
0,00505	-0,0669868
0,0051	-0,0669564
0,00515	-0,0669872
0,0052	-0,066878
0,00525	-0,0668772
0,0053	-0,0670184
0,00535	-0,0669404
0,0054	-0,0670028
0,00545	-0,0668464
0,0055	-0,066894
0,00555	-0,0669092
0,0056	-0,0669252
0,00565	-0,066972
0,0057	-0,0669252
0,00575	-0,0669564
0,0058	-0,0670032
0,00585	-0,066988
0,0059	-0,0670032
0,00595	-0,0670192
0,006	-0,0670344
0,00605	-0,0670812
0,0061	-0,067082
0,00615	-0,0670656
0,0062	-0,0670976
0,00625	-0,0670184
0,0063	-0,0671596
0,00635	-0,067144
0,0064	-0,0670652
0,00645	-0,06716
0,0065	-0,0671596
0,00655	-0,0672072
0,0066	-0,0672064
0,00665	-0,0672228
0,0067	-0,06727
0,00675	-0,0672068
0,0068	-0,0673168
0,00685	-0,067254
0,0069	-0,0672384
0,00695	-0,0671912
0,007	-0,0668932
0,00705	-0,0671756
0,0071	-0,0670652
0,00715	-0,067128
0,0072	-0,0671912
0,00725	-0,0669872
0,0073	-0,0670184
0,00735	-0,067034
0,0074	-0,0669872
0,00745	-0,066956
0,0075	-0,066846
0,00755	-0,0668612
0,0076	-0,0669084
0,00765	-0,0668932
0,0077	-0,0668776
0,00775	-0,066752
0,0078	-0,0667832
0,00785	-0,0668304
0,0079	-0,0667676
0,00795	-0,0666428
0,008	-0,0665952
0,00805	-0,066454
0,0081	-0,0666268
0,00815	-0,0665952
0,0082	-0,066438
0,00825	-0,0665636
0,0083	-0,06647
0,00835	-0,0665168
0,0084	-0,0664224
0,00845	-0,0663908
0,0085	-0,066548
0,00855	-0,0664224
0,0086	-0,06658
0,00865	-0,0663756
0,0087	-0,0664388
0,00875	-0,0663288
0,0088	-0,0664072
0,00885	-0,0664852
0,0089	-0,0662972
0,00895	-0,0664544
0,009	-0,0663132
0,00905	-0,0663136
0,0091	-0,0664228
0,00915	-0,0662508
0,0092	-0,0662348
0,00925	-0,06625
0,0093	-0,066266
0,00935	-0,066266
0,0094	-0,06614
0,00945	-0,0662188
0,0095	-0,0662504
0,00955	-0,0661716
0,0096	-0,06625
0,00965	-0,0661876
0,0097	-0,0661248
0,00975	-0,0660308
0,0098	-0,0660936
0,00985	-0,0660936
0,0099	-0,06622
0,00995	-0,066078
0,01	-0,0661724
0,01005	-0,0661564
0,0101	-0,06625
0,01015	-0,0661876
0,0102	-0,0661408
0,01025	-0,0663444
0,0103	-0,066078
0,01035	-0,0662344
0,0104	-0,0662496
0,01045	-0,0662192
0,0105	-0,0663284
0,01055	-0,0662968
0,0106	-0,0664228
0,01065	-0,066298
0,0107	-0,06636
0,01075	-0,0664544
0,0108	-0,0662976
0,01085	-0,0663604
0,0109	-0,066172
0,01095	-0,066282
0,011	-0,0663752
0,01105	-0,066266
0,0111	-0,0665324
0,01115	-0,0664064
0,0112	-0,066328
0,01125	-0,0664384
0,0113	-0,0663128
0,01135	-0,0663752
0,0114	-0,0663916
0,01145	-0,0663132
0,0115	-0,0662972
0,01155	-0,0661408
0,0116	-0,0661408
0,01165	-0,0662348
0,0117	-0,0661256
0,01175	-0,0661408
0,0118	-0,0661252
0,01185	-0,066156
0,0119	-0,0661568
0,01195	-0,0659368
0,012	-0,0660624
0,01205	-0,0660152
0,0121	-0,0660472
0,01215	-0,0661728
0,0122	-0,065968
0,01225	-0,0660152
0,0123	-0,06589
0,01235	-0,0658904
0,0124	-0,0659688
0,01245	-0,0657016
0,0125	-0,065812
0,01255	-0,0657488
0,0126	-0,0657336
0,01265	-0,0657952
0,0127	-0,0657964
0,01275	-0,065812
0,0128	-0,0656544
0,01285	-0,065812
0,0129	-0,06589
0,01295	-0,0657488
0,013	-0,0656868
0,01305	-0,0656076
0,0131	-0,0655292
0,01315	-0,0656548
0,0132	-0,0655924
0,01325	-0,0655136
0,0133	-0,0656388
0,01335	-0,0654976
0,0134	-0,065686
0,01345	-0,0655448
0,0135	-0,0655292
0,01355	-0,065514
0,0136	-0,0653568
0,01365	-0,065592
0,0137	-0,0655136
0,01375	-0,065498
0,0138	-0,065576
0,01385	-0,065482
0,0139	-0,065718
0,01395	-0,0654352
0,014	-0,0654512
0,01405	-0,0654824
0,0141	-0,0654192
0,01415	-0,0654196
0,0142	-0,0653568
0,01425	-0,0654348
0,0143	-0,0654832
0,01435	-0,0653568
0,0144	-0,0654192
0,01445	-0,065278
0,0145	-0,0653096
0,01455	-0,0654356
0,0146	-0,0653884
0,01465	-0,0654828
0,0147	-0,0654196
0,01475	-0,0654672
0,0148	-0,065514
0,01485	-0,0654356
0,0149	-0,0655292
0,01495	-0,06542
0,015	-0,0652784
0,01505	-0,0654356
0,0151	-0,0653724
0,01515	-0,0655768
0,0152	-0,0654984
0,01525	-0,0654196
0,0153	-0,0656856
0,01535	-0,0655296
0,0154	-0,0655292
0,01545	-0,0655764
0,0155	-0,0654512
0,01555	-0,0657956
0,0156	-0,0656864
0,01565	-0,0656544
0,0157	-0,0658276
0,01575	-0,0655452
0,0158	-0,0659216
0,01585	-0,0657336
0,0159	-0,0658272
0,01595	-0,0659368
0,016	-0,065592
0,01605	-0,0658112
0,0161	-0,0655768
0,01615	-0,0657024
0,0162	-0,0657332
0,01625	-0,0656232
0,0163	-0,0657332
0,01635	-0,0654988
0,0164	-0,065686
0,01645	-0,0655604
0,0165	-0,0654828
0,01655	-0,0655296
0,0166	-0,0655604
0,01665	-0,0655448
0,0167	-0,0656236
0,01675	-0,065498
0,0168	-0,0654036
0,01685	-0,065514
0,0169	-0,0654824
0,01695	-0,0654824
0,017	-0,0653716
0,01705	-0,0652312
0,0171	-0,0653724
0,01715	-0,065278
0,0172	-0,0655292
0,01725	-0,0653096
0,0173	-0,0653412
0,01735	-0,0654664
0,0174	-0,0653092
0,01745	-0,0654984
0,0175	-0,0653096
0,01755	-0,0653408
0,0176	-0,0654348
0,01765	-0,0651844
0,0177	-0,065482
0,01775	-0,0652152
0,0178	-0,0653408
0,01785	-0,0654196
0,0179	-0,0652316
0,01795	-0,0654196
0,018	-0,065184
0,01805	-0,0653412
0,0181	-0,0653252
0,01815	-0,0652156
0,0182	-0,06531
0,01825	-0,0652
0,0183	-0,0652628
0,01835	-0,0651688
0,0184	-0,0651216
0,01845	-0,0651996
0,0185	-0,0649808
0,01855	-0,0651372
0,0186	-0,0650904
0,01865	-0,065106
0,0187	-0,0651532
0,01875	-0,0650748
0,0188	-0,0651848
0,01885	-0,0651372
0,0189	-0,06509
0,01895	-0,0649496
0,019	-0,0649812
0,01905	-0,0650124
0,0191	-0,065184
0,01915	-0,065184
0,0192	-0,0652004
0,01925	-0,0652316
0,0193	-0,0651376
0,01935	-0,0650904
0,0194	-0,0650116
0,01945	-0,064996
0,0195	-0,0650904
0,01955	-0,0647768
0,0196	-0,0650116
0,01965	-0,0649956
0,0197	-0,065074
0,01975	-0,0650896
0,0198	-0,0649648
0,01985	-0,0651372
0,0199	-0,0649964
0,01995	-0,0651056
0,02	-0,0651528
0,02005	-0,0649652
0,0201	-0,065278
0,02015	-0,065216
0,0202	-0,065294
0,02025	-0,0654508
0,0203	-0,0652
0,02035	-0,0653728
0,0204	-0,0652468
0,02045	-0,0653408
0,0205	-0,0653096
0,02055	-0,0650588
0,0206	-0,0650908
0,02065	-0,065122
0,0207	-0,065106
0,02075	-0,0651844
0,0208	-0,0650588
0,02085	-0,0650428
0,0209	-0,0650744
0,02095	-0,0649648
0,021	-0,06509
0,02105	-0,0649804
0,0211	-0,0649336
0,02115	-0,0650592
0,0212	-0,0649332
0,02125	-0,0650432
0,0213	-0,0649172
0,02135	-0,0648704
0,0214	-0,065028
0,02145	-0,0647296
0,0215	-0,0649964
0,02155	-0,0646832
0,0216	-0,0647928
0,02165	-0,0648872
0,0217	-0,0646984
0,02175	-0,0647924
0,0218	-0,0645732
0,02185	-0,0646988
0,0219	-0,0649176
0,02195	-0,0647304
0,022	-0,0646832
0,02205	-0,0646196
0,0221	-0,064746
0,02215	-0,0647932
0,0222	-0,0646516
0,02225	-0,0647144
0,0223	-0,064636
0,02235	-0,0647608
0,0224	-0,0647144
0,02245	-0,0647144
0,0225	-0,0646352
0,02255	-0,0645724
0,0226	-0,0645888
0,02265	-0,0647452
0,0227	-0,0646988
0,02275	-0,0645888
0,0228	-0,0645884
0,02285	-0,0644944
0,0229	-0,0646984
0,02295	-0,0646512
0,023	-0,06451
0,02305	-0,0647452
0,0231	-0,0644628
0,02315	-0,064636
0,0232	-0,0645732
0,02325	-0,0644472
0,0233	-0,0645576
0,02335	-0,0644
0,0234	-0,0645416
0,02345	-0,0645252
0,0235	-0,0644948
0,02355	-0,0645732
0,0236	-0,0642748
0,02365	-0,0645888
0,0237	-0,0646044
0,02375	-0,064604
0,0238	-0,0646828
0,02385	-0,0644948
0,0239	-0,064714
0,02395	-0,0646044
0,024	-0,0646044
0,02405	-0,0645888
0,0241	-0,064432
0,02415	-0,0645108
0,0242	-0,0645728
0,02425	-0,064526
0,0243	-0,0646204
0,02435	-0,0644792
0,0244	-0,0644632
0,02445	-0,0646196
0,0245	-0,0645732
0,02455	-0,0646356
0,0246	-0,0645884
0,02465	-0,0646044
0,0247	-0,0647768
0,02475	-0,064698
0,0248	-0,0647452
0,02485	-0,0646668
0,0249	-0,0646832
0,02495	-0,064824
0,025	-0,0646832
0,02505	-0,0647136
0,0251	-0,0646352
0,02515	-0,0645576
0,0252	-0,0647292
0,02525	-0,06451
0,0253	-0,0645728
0,02535	-0,0645884
0,0254	-0,064526
0,02545	-0,06462
0,0255	-0,06451
0,02555	-0,0646512
0,0256	-0,0643844
0,02565	-0,0644316
0,0257	-0,064604
0,02575	-0,0644476
0,0258	-0,0645568
0,02585	-0,064432
0,0259	-0,0644788
0,02595	-0,0645256
0,026	-0,0643224
0,02605	-0,0642756
0,0261	-0,0642284
0,02615	-0,0643064
0,0262	-0,064338
0,02625	-0,0642752
0,0263	-0,0642748
0,02635	-0,0641652
0,0264	-0,0641656
0,02645	-0,0643068
0,0265	-0,0641812
0,02655	-0,0641032
0,0266	-0,064244
0,02665	-0,0641968
0,0267	-0,0643068
0,02675	-0,0642904
0,0268	-0,0641648
0,02685	-0,0642592
0,0269	-0,0641024
0,02695	-0,064416
0,027	-0,0641968
0,02705	-0,0641496
0,0271	-0,0643064
0,02715	-0,0640092
0,0272	-0,064212
0,02725	-0,0639928
0,0273	-0,0640088
0,02735	-0,0641652
0,0274	-0,0638676
0,02745	-0,0641188
0,0275	-0,063946
0,02755	-0,0640556
0,0276	-0,0640244
0,02765	-0,06393
0,0277	-0,0639616
0,02775	-0,063962
0,0278	-0,0638988
0,02785	-0,064056
0,0279	-0,0638832
0,02795	-0,0639304
0,028	-0,063836
0,02805	-0,0638516
0,0281	-0,06393
0,02815	-0,0638672
0,0282	-0,0638992
0,02825	-0,0639456
0,0283	-0,063852
0,02835	-0,0638988
0,0284	-0,0639924
0,02845	-0,0637888
0,0285	-0,0639136
0,02855	-0,0637108
0,0286	-0,0638364
0,02865	-0,0638048
0,0287	-0,0638048
0,02875	-0,0640396
0,0288	-0,0637576
0,02885	-0,0639144
0,0289	-0,0638516
0,02895	-0,0639456
0,029	-0,0639928
0,02905	-0,063742
0,0291	-0,0639768
0,02915	-0,0638044
0,0292	-0,0639928
0,02925	-0,0640712
0,0293	-0,0639296
0,02935	-0,064072
0,0294	-0,0638832
0,02945	-0,0639464
0,0295	-0,0640552
0,02955	-0,0639932
0,0296	-0,0640244
0,02965	-0,06393
0,0297	-0,0640404
0,02975	-0,0639612
0,0298	-0,063836
0,02985	-0,0638048
0,0299	-0,0639612
0,02995	-0,0638988
0,03	-0,0638988
0,03005	-0,0638208
0,0301	-0,0636796
0,03015	-0,0638048
0,0302	-0,0636948
0,03025	-0,0638672
0,0303	-0,0637728
0,03035	-0,063742
0,0304	-0,0638364
0,03045	-0,0636788
0,0305	-0,06393
0,03055	-0,0636792
0,0306	-0,0635848
0,03065	-0,0636316
0,0307	-0,0634284
0,03075	-0,063758
0,0308	-0,0635224
0,03085	-0,0635536
0,0309	-0,0635384
0,03095	-0,0634752
0,031	-0,0636324
0,03105	-0,0635228
0,0311	-0,0634596
0,03115	-0,0634596
0,0312	-0,063428
0,03125	-0,0634912
0,0313	-0,0634596
0,03135	-0,0635224
0,0314	-0,0634752
0,03145	-0,0635072
0,0315	-0,0635232
0,03155	-0,063444
0,0316	-0,0633344
0,03165	-0,063334
0,0317	-0,0634432
0,03175	-0,0634128
0,0318	-0,0634284
0,03185	-0,0633028
0,0319	-0,0635224
0,03195	-0,0633656
0,032	-0,0632404
0,03205	-0,0633972
0,0321	-0,0632088
0,03215	-0,0633184
0,0322	-0,06324
0,03225	-0,0632084
0,0323	-0,0633188
0,03235	-0,0631144
0,0324	-0,0632868
0,03245	-0,0632092
0,0325	-0,0633976
0,03255	-0,0633496
0,0326	-0,0631304
0,03265	-0,0632404
0,0327	-0,0632088
0,03275	-0,0632088
0,0328	-0,0632556
0,03285	-0,0632088
0,0329	-0,0632716
0,03295	-0,0633812
0,033	-0,0632876
0,03305	-0,0632236
0,0331	-0,063208
0,03315	-0,0632404
0,0332	-0,0633656
0,03325	-0,0633968
0,0333	-0,0633964
0,03335	-0,0633188
0,0334	-0,063162
0,03345	-0,063366
0,0335	-0,0633028
0,03355	-0,0634128
0,0336	-0,0633036
0,03365	-0,0632716
0,0337	-0,0634748
0,03375	-0,0632868
0,0338	-0,0635232
0,03385	-0,0635856
0,0339	-0,0634752
0,03395	-0,0636012
0,034	-0,0633968
0,03405	-0,0634596
0,0341	-0,0633816
0,03415	-0,0634128
0,0342	-0,0633964
0,03425	-0,063318
0,0343	-0,063428
0,03435	-0,0632708
0,0344	-0,0633656
0,03445	-0,0634124
0,0345	-0,0633656
0,03455	-0,0635068
0,0346	-0,0633968
0,03465	-0,0634752
0,0347	-0,063444
0,03475	-0,0634436
0,0348	-0,0633816
0,03485	-0,0634596
0,0349	-0,0633656
0,03495	-0,0635072
0,035	-0,063554
0,03505	-0,0633344
0,0351	-0,063334
0,03515	-0,0631612
0,0352	-0,063224
0,03525	-0,0632552
0,0353	-0,0631144
0,03535	-0,0632396
0,0354	-0,0630836
0,03545	-0,0632092
0,0355	-0,0631936
0,03555	-0,0631928
0,0356	-0,0630832
0,03565	-0,062958
0,0357	-0,0631616
0,03575	-0,0630516
0,0358	-0,0631296
0,03585	-0,0630204
0,0359	-0,0629108
0,03595	-0,0629888
0,036	-0,0629576
0,03605	-0,06291
0,0361	-0,0628004
0,03615	-0,0627068
0,0362	-0,062644
0,03625	-0,06277
0,0363	-0,0627384
0,03635	-0,0627852
0,0364	-0,0626752
0,03645	-0,0625816
0,0365	-0,0627692
0,03655	-0,062644
0,0366	-0,0627388
0,03665	-0,062566
0,0367	-0,0626596
0,03675	-0,0627384
0,0368	-0,0626596
0,03685	-0,0625964
0,0369	-0,0625816
0,03695	-0,0625032
0,037	-0,062644
0,03705	-0,0623628
0,0371	-0,0625812
0,03715	-0,0624564
0,0372	-0,0625188
0,03725	-0,0626592
0,0373	-0,062456
0,03735	-0,0625656
0,0374	-0,062566
0,03745	-0,0625816
0,0375	-0,0626756
0,03755	-0,0625188
0,0376	-0,06255
0,03765	-0,0625816
0,0377	-0,0626128
0,03775	-0,0626756
0,0378	-0,062582
0,03785	-0,0626284
0,0379	-0,0626284
0,03795	-0,0625348
0,038	-0,0627536
0,03805	-0,0625036
0,0381	-0,0625968
0,03815	-0,0625036
0,0382	-0,0625816
0,03825	-0,0626916
0,0383	-0,062754
0,03835	-0,0625976
0,0384	-0,0627228
0,03845	-0,062628
0,0385	-0,0627552
0,03855	-0,0626132
0,0386	-0,0625652
0,03865	-0,0625976
0,0387	-0,0625036
0,03875	-0,0625816
0,0388	-0,0626124
0,03885	-0,06244
0,0389	-0,062566
0,03895	-0,0623616
0,039	-0,062424
0,03905	-0,0623932
0,0391	-0,0624088
0,03915	-0,0625028
0,0392	-0,0623304
0,03925	-0,06255
0,0393	-0,06255
0,03935	-0,0623936
0,0394	-0,0624876
0,03945	-0,062362
0,0395	-0,06255
0,03955	-0,0625344
0,0396	-0,0623464
0,03965	-0,0623468
0,0397	-0,0621892
0,03975	-0,0623152
0,0398	-0,0622992
0,03985	-0,0622832
0,0399	-0,0622052
0,03995	-0,0620012
0,04	-0,0621584
0,04005	-0,0621892
0,0401	-0,0621268
0,04015	-0,0621108
0,0402	-0,0621424
0,04025	-0,0620796
0,0403	-0,0622048
0,04035	-0,0620488
0,0404	-0,0620952
0,04045	-0,06197
0,0405	-0,06208
0,04055	-0,0621736
0,0406	-0,0620016
0,04065	-0,062064
0,0407	-0,0620804
0,04075	-0,0618916
0,0408	-0,0619384
0,04085	-0,0618128
0,0409	-0,0619224
0,04095	-0,0618916
0,041	-0,0619224
0,04105	-0,0620336
0,0411	-0,0617348
0,04115	-0,0616408
0,0412	-0,0617816
0,04125	-0,0617196
0,0413	-0,0616408
0,04135	-0,0615312
0,0414	-0,0616096
0,04145	-0,0616884
0,0415	-0,0617196
0,04155	-0,0617504
0,0416	-0,0615628
0,04165	-0,061562
0,0417	-0,0616568
0,04175	-0,0617816
0,0418	-0,0617032
0,04185	-0,061688
0,0419	-0,0617504
0,04195	-0,0617192
0,042	-0,0616408
0,04205	-0,0616564
0,0421	-0,0615932
0,04215	-0,061562
0,0422	-0,061656
0,04225	-0,0616248
0,0423	-0,0616872
0,04235	-0,061672
0,0424	-0,0616564
0,04245	-0,0617192
0,0425	-0,0616872
0,04255	-0,0618448
0,0426	-0,0617816
0,04265	-0,0616876
0,0427	-0,061876
0,04275	-0,0618288
0,0428	-0,0619384
0,04285	-0,0619704
0,0429	-0,061814
0,04295	-0,0619228
0,043	-0,0619232
0,04305	-0,0618912
0,0431	-0,0619076
0,04315	-0,0618604
0,0432	-0,0619072
0,04325	-0,0617504
0,0433	-0,061892
0,04335	-0,062048
0,0434	-0,0619076
0,04345	-0,0619076
0,0435	-0,061876
0,04355	-0,0617984
0,0436	-0,061908
0,04365	-0,061782
0,0437	-0,0619388
0,04375	-0,0618924
0,0438	-0,0618444
0,04385	-0,0619548
0,0439	-0,061798
0,04395	-0,0617976
0,044	-0,061892
0,04405	-0,0617664
0,0441	-0,0618448
0,04415	-0,0616408
0,0442	-0,0616408
0,04425	-0,061672
0,0443	-0,0616564
0,04435	-0,0617192
0,0444	-0,0615776
0,04445	-0,0615464
0,0445	-0,061594
0,04455	-0,0615624
0,0446	-0,0614988
0,04465	-0,0613744
0,0447	-0,0614524
0,04475	-0,0615312
0,0448	-0,0614684
0,04485	-0,0614832
0,0449	-0,0613272
0,04495	-0,0613272
0,045	-0,0613592
0,04505	-0,061312
0,0451	-0,0613116
0,04515	-0,0611548
0,0452	-0,061092
0,04525	-0,0612804
0,0453	-0,0612804
0,04535	-0,0610924
0,0454	-0,061046
0,04545	-0,0611232
0,0455	-0,061296
0,04555	-0,0611552
0,0456	-0,0613272
0,04565	-0,0612024
0,0457	-0,061108
0,04575	-0,0612644
0,0458	-0,0611548
0,04585	-0,0612016
0,0459	-0,0612488
0,04595	-0,0610608
0,046	-0,0611552
0,04605	-0,0609984
0,0461	-0,0610772
0,04615	-0,061014
0,0462	-0,06092
0,04625	-0,0610608
0,0463	-0,0609984
0,04635	-0,0610924
0,0464	-0,061108
0,04645	-0,060998
0,0465	-0,0612492
0,04655	-0,0611076
0,0466	-0,061218
0,04665	-0,0611548
0,0467	-0,0609984
0,04675	-0,061124
0,0468	-0,060998
0,04685	-0,0610296
0,0469	-0,0610452
0,04695	-0,0610296
0,047	-0,0609036
0,04705	-0,0610136
0,0471	-0,060888
0,04715	-0,0610292
0,0472	-0,0609824
0,04725	-0,0610924
0,0473	-0,0611712
0,04735	-0,0610608
0,0474	-0,0612332
0,04745	-0,0611392
0,0475	-0,06128
0,04755	-0,0614212
0,0476	-0,0612176
0,04765	-0,0612336
0,0477	-0,0612024
0,04775	-0,0611232
0,0478	-0,0610448
0,04785	-0,0606844
0,0479	-0,0607316
0,04795	-0,0605432
0,048	-0,0603708
0,04805	-0,0602612
0,0481	-0,059932
0,04815	-0,0597592
0,0482	-0,0592424
0,04825	-0,0590224
0,0483	-0,0587712
0,04835	-0,0582236
0,0484	-0,057972
0,04845	-0,0574704
0,0485	-0,0571408
0,04855	-0,056436
0,0486	-0,0557776
0,04865	-0,0550248
0,0487	-0,0541624
0,04875	-0,0535352
0,0488	-0,0527044
0,04885	-0,0520772
0,0489	-0,0513872
0,04895	-0,0508072
0,049	-0,0501172
0,04905	-0,049474
0,0491	-0,0487848
0,04915	-0,0479848
0,0492	-0,0472172
0,04925	-0,0463384
0,0493	-0,0456656
0,04935	-0,0445824
0,0494	-0,0435484
0,04945	-0,042404
0,0495	-0,0411184
0,04955	-0,039864
0,0496	-0,0384372
0,04965	-0,0368688
0,0497	-0,0354432
0,04975	-0,0337492
0,0498	-0,0323852
0,04985	-0,0305508
0,0499	-0,0289668
0,04995	-0,0271176
0,05	-0,0252044
0,05005	-0,0234796
0,0501	-0,0214892
0,05015	-0,01978
0,0502	-0,0177888
0,05025	-0,0159704
0,0503	-0,0143396
0,05035	-0,0124888
0,0504	-0,0108432
0,05045	-0,0091812
0,0505	-0,0078648
0,05055	-0,0064532
0,0506	-0,0052304
0,05065	-0,0039608
0,0507	-0,0031144
0,05075	-0,0021104
0,0508	-0,0012632
0,05085	-0,0004644
0,0509	0,0003196
0,05095	0,0009312
0,051	0,001652
0,05105	0,0021856
0,0511	0,002656
0,05115	0,0033768
0,0512	0,003722
0,05125	0,0043016
0,0513	0,0046776
0,05135	0,0049924
0,0514	0,0056184
0,05145	0,0057124
0,0515	0,0061044
0,05155	0,00634
0,0516	0,0065124
0,05165	0,007046
0,0517	0,007156
0,05175	0,007438
0,0518	0,0075316
0,05185	0,0077188
0,0519	0,008002
0,05195	0,0079236
0,052	0,0083156
0,05205	0,0082684
0,0521	0,0084568
0,05215	0,0085828
0,0522	0,0086604
0,05225	0,0090208
0,0523	0,0090532
0,05235	0,0092244
0,0524	0,0093032
0,05245	0,0095072
0,0525	0,0095384
0,05255	0,0095704
0,0526	0,0096172
0,05265	0,0097892
0,0527	0,009758
0,05275	0,0099612
0,0528	0,010024
0,05285	0,0099624
0,0529	0,0100556
0,05295	0,0101816
0,053	0,0101184
0,05305	0,0101816
0,0531	0,010166
0,05315	0,0103536
0,0532	0,0103844
0,05325	0,0103696
0,0533	0,010526
0,05335	0,0103384
0,0534	0,0105256
0,05345	0,0105108
0,0535	0,0104948
0,05355	0,0105892
0,0536	0,010448
0,05365	0,0105416
0,0537	0,0104324
0,05375	0,0104168
0,0538	0,010526
0,05385	0,0104008
0,0539	0,0104792
0,05395	0,0104948
0,054	0,0104476
0,05405	0,0105108
0,0541	0,0103696
0,05415	0,0104484
0,0542	0,010526
0,05425	0,0103692
0,0543	0,0104008
0,05435	0,010416
0,0544	0,010338
0,05445	0,0103848
0,0545	0,0103068
0,05455	0,0103224
0,0546	0,0104008
0,05465	0,0102128
0,0547	0,0103376
0,05475	0,0101972
0,0548	0,0099776
0,05485	0,010166
0,0549	0,009994
0,05495	0,0100872
0,055	0,009962
0,05505	0,0099304
0,0551	0,009946
0,05515	0,0098208
0,0552	0,0100088
0,05525	0,0097584
0,0553	0,0098368
0,05535	0,0096952
0,0554	0,0094756
0,05545	0,0096164
0,0555	0,0093348
0,05555	0,0094284
0,0556	0,0093344
0,05565	0,009334
0,0557	0,009288
0,05575	0,0092248
0,0558	0,0090836
0,05585	0,0088796
0,0559	0,00888
0,05595	0,00877
0,056	0,0087704
0,05605	0,0085664
0,0561	0,0085348
0,05615	0,0084724
0,0562	0,0085036
0,05625	0,0083932
0,0563	0,0082528
0,05635	0,0082688
0,0564	0,0079704
0,05645	0,0079864
0,0565	0,007924
0,05655	0,0077192
0,0566	0,0077824
0,05665	0,0075936
0,0567	0,0077036
0,05675	0,0076568
0,0568	0,0075316
0,05685	0,0075624
0,0569	0,00739
0,05695	0,0074216
0,057	0,0072808
0,05705	0,007108
0,0571	0,0071076
0,05715	0,00703
0,0572	0,0069512
0,05725	0,0068884
0,0573	0,00681
0,05735	0,006748
0,0574	0,0067476
0,05745	0,0066068
0,0575	0,0065588
0,05755	0,0063556
0,0576	0,0064032
0,05765	0,0063872
0,0577	0,0062776
0,05775	0,0063408
0,0578	0,0061676
0,05785	0,0061828
0,0579	0,0061204
0,05795	0,0059476
0,058	0,0060568
0,05805	0,0058376
0,0581	0,0057128
0,05815	0,005556
0,0582	0,0056032
0,05825	0,0056344
0,0583	0,005446
0,05835	0,00554
0,0584	0,0053368
0,05845	0,0052896
0,0585	0,0052896
0,05855	0,0051796
0,0586	0,0051328
0,05865	0,0049136
0,0587	0,004944
0,05875	0,0048504
0,0588	0,0048196
0,05885	0,00496
0,0589	0,0046784
0,05895	0,0046312
0,059	0,0047092
0,05905	0,0045056
0,0591	0,0043648
0,05915	0,004396
0,0592	0,0042396
0,05925	0,0042392
0,0593	0,0042076
0,05935	0,003988
0,0594	0,0039888
0,05945	0,0039728
0,0595	0,0038784
0,05955	0,0037844
0,0596	0,0036588
0,05965	0,0036748
0,0597	0,0034868
0,05975	0,0035496
0,0598	0,0034236
0,05985	0,0032668
0,0599	0,0031572
0,05995	0,003016
0,06	0,003016
0,06005	0,0028912
0,0601	0,0027184
0,06015	0,0028912
0,0602	0,0028128
0,06025	0,0027184
0,0603	0,0025152
0,06035	0,0024828
0,0604	0,0023732
0,06045	0,0023108
0,0605	0,0022792
0,06055	0,00217
0,0606	0,0019508
0,06065	0,0019032
0,0607	0,001778
0,06075	0,0018876
0,0608	0,0018248
0,06085	0,001558
0,0609	0,0016208
0,06095	0,0014644
0,061	0,0013232
0,06105	0,0012288
0,0611	0,0010872
0,06115	0,0011672
0,0612	0,0010092
0,06125	0,0010092
0,0613	0,0009152
0,06135	0,0007592
0,0614	0,0007896
0,06145	0,0008052
0,0615	0,000758
0,06155	0,0007276
0,0616	0,0006332
0,06165	0,0005388
0,0617	0,000476
0,06175	0,0004288
0,0618	0,0003828
0,06185	0,000116
0,0619	0,0002568
0,06195	0,0001624
0,062	0,0000216
0,06205	-0,0000416
0,0621	-0,000182
0,06215	-0,0001664
0,0622	-0,0002288
0,06225	-0,0003548
0,0623	-0,0002608
0,06235	-0,0004176
0,0624	-0,000402
0,06245	-0,0003704
0,0625	-0,0004484
0,06255	-0,0004016
0,0626	-0,000668
0,06265	-0,000668
0,0627	-0,0006844
0,06275	-0,0008412
0,0628	-0,0008248
0,06285	-0,0010288
0,0629	-0,0010132
0,06295	-0,001076
0,063	-0,0011384
0,06305	-0,0011704
0,0631	-0,00128
0,06315	-0,0012952
0,0632	-0,001342
0,06325	-0,001468
0,0633	-0,0013576
0,06335	-0,001468
0,0634	-0,0015932
0,06345	-0,001546
0,0635	-0,0017024
0,06355	-0,0015456
0,0636	-0,0017492
0,06365	-0,0017968
0,0637	-0,0017816
0,06375	-0,0018916
0,0638	-0,0018756
0,06385	-0,0021104
0,0639	-0,0021888
0,06395	-0,0021736
0,064	-0,002252
0,06405	-0,00233
0,0641	-0,0024556
0,06415	-0,0025652
0,0642	-0,0024556
0,06425	-0,002628
0,0643	-0,0025968
0,06435	-0,0027064
0,0644	-0,0028948
0,06445	-0,0028472
0,0645	-0,0031296
0,06455	-0,0030984
0,0646	-0,003208
0,06465	-0,0033332
0,0647	-0,0033492
0,06475	-0,003318
0,0648	-0,0034584
0,06485	-0,0035372
0,0649	-0,0036784
0,06495	-0,0036156
0,065	-0,0037564
0,06505	-0,0038192
0,0651	-0,0040388
0,06515	-0,0042272
0,0652	-0,0041484
0,06525	-0,0042268
0,0653	-0,0043832
0,06535	-0,0043528
0,0654	-0,0045248
0,06545	-0,004556
0,0655	-0,0047596
0,06555	-0,0049484
0,0656	-0,0049164
0,06565	-0,0049168
0,0657	-0,0050736
0,06575	-0,0051836
0,0658	-0,005136
0,06585	-0,0051828
0,0659	-0,0053092
0,06595	-0,0052932
0,066	-0,0053084
0,06605	-0,0054972
0,0661	-0,0055284
0,06615	-0,0056692
0,0662	-0,0056692
0,06625	-0,0058736
0,0663	-0,0058892
0,06635	-0,0059204
0,0664	-0,0059988
0,06645	-0,005936
0,0665	-0,0060296
0,06655	-0,0061872
0,0666	-0,0062812
0,06665	-0,0063904
0,0667	-0,0063592
0,06675	-0,006328
0,0668	-0,0063912
0,06685	-0,0063748
0,0669	-0,0065004
0,06695	-0,006594
0,067	-0,0065636
0,06705	-0,006642
0,0671	-0,0066424
0,06715	-0,0068148
0,0672	-0,0068616
0,06725	-0,006798
0,0673	-0,0069556
0,06735	-0,007002
0,0674	-0,007174
0,06745	-0,0072688
0,0675	-0,0072368
0,06755	-0,0074096
0,0676	-0,0074728
0,06765	-0,007536
0,0677	-0,0076296
0,06775	-0,0075352
0,0678	-0,0078492
0,06785	-0,0078648
0,0679	-0,0078488
0,06795	-0,0080052
0,068	-0,0078956
0,06805	-0,0080212
0,0681	-0,0081468
0,06815	-0,0081316
0,0682	-0,008382
0,06825	-0,0083664
0,0683	-0,0085072
0,06835	-0,0085704
0,0684	-0,0087268
0,06845	-0,0088204
0,0685	-0,008648
0,06855	-0,0088684
0,0686	-0,0089304
0,06865	-0,008962
0,0687	-0,0092288
0,06875	-0,0091972
0,0688	-0,0093068
0,06885	-0,0093692
0,0689	-0,0093068
0,06895	-0,0095268
0,069	-0,0095424
0,06905	-0,0096516
0,0691	-0,0097616
0,06915	-0,009746
0,0692	-0,009934
0,06925	-0,0099336
0,0693	-0,0099028
0,06935	-0,010138
0,0694	-0,010028
0,06945	-0,0101532
0,0695	-0,0102632
0,06955	-0,0103576
0,0696	-0,0104356
0,06965	-0,0104824
0,0697	-0,0106868
0,06975	-0,0106548
0,0698	-0,010702
0,06985	-0,0109372
0,0699	-0,0109532
0,06995	-0,0110944
0,07	-0,0112976
0,07005	-0,0112828
0,0701	-0,0115488
0,07015	-0,0115012
0,0702	-0,0116272
0,07025	-0,0115488
0,0703	-0,0117684
0,07035	-0,011768
0,0704	-0,0118308
0,07045	-0,0119252
0,0705	-0,0120348
0,07055	-0,0121292
0,0706	-0,012176
0,07065	-0,0123016
0,0707	-0,0122544
0,07075	-0,0124272
0,0708	-0,0125056
0,07085	-0,0126152
0,0709	-0,0127248
0,07095	-0,0126932
0,071	-0,01285
0,07105	-0,0128656
0,0711	-0,0129916
0,07115	-0,0132112
0,0712	-0,013116
0,07125	-0,0133048
0,0713	-0,0132424
0,07135	-0,0134772
0,0714	-0,0134624
0,07145	-0,013446
0,0715	-0,0136968
0,07155	-0,0135408
0,0716	-0,0137124
0,07165	-0,0138688
0,0717	-0,0138072
0,07175	-0,0139944
0,0718	-0,01401
0,07185	-0,0142144
0,0719	-0,0143232
0,07195	-0,0143864
0,072	-0,0144184
0,07205	-0,0142764
0,0721	-0,014544
0,07215	-0,0146372
0,0722	-0,014794
0,07225	-0,014794
0,0723	-0,0148256
0,07235	-0,0149504
0,0724	-0,0150136
0,07245	-0,0151548
0,0725	-0,0151544
0,07255	-0,0152956
0,0726	-0,0153428
0,07265	-0,0156092
0,0727	-0,0155936
0,07275	-0,0156564
0,0728	-0,0157824
0,07285	-0,0157976
0,0729	-0,0160952
0,07295	-0,0160948
0,073	-0,0160644
0,07305	-0,0163776
0,0731	-0,0162992
0,07315	-0,0165812
0,0732	-0,0164716
0,07325	-0,0167064
0,0733	-0,0167544
0,07335	-0,0168324
0,0734	-0,0171776
0,07345	-0,0170052
0,0735	-0,0173344
0,07355	-0,0172868
0,0736	-0,0173184
0,07365	-0,0175688
0,0737	-0,0175848
0,07375	-0,0177888
0,0738	-0,0176476
0,07385	-0,0178828
0,0739	-0,01804
0,07395	-0,0180708
0,074	-0,018212
0,07405	-0,0181496
0,0741	-0,0183216
0,07415	-0,0184788
0,0742	-0,0185732
0,07425	-0,0185564
0,0743	-0,0188084
0,07435	-0,0188708
0,0744	-0,0190592
0,07445	-0,0192628
0,0745	-0,0191684
0,07455	-0,0195288
0,0746	-0,0195288
0,07465	-0,0196384
0,0747	-0,0198108
0,07475	-0,0197324
0,0748	-0,020046
0,07485	-0,0199216
0,0749	-0,0202028
0,07495	-0,0202348
0,075	-0,0202184
0,07505	-0,0204068
0,0751	-0,0203764
0,07515	-0,0206732
0,0752	-0,0207052
0,07525	-0,0207204
0,0753	-0,0208928
0,07535	-0,0209244
0,0754	-0,0213008
0,07545	-0,0212372
0,0755	-0,0212852
0,07555	-0,0214576
0,0756	-0,0215044
0,07565	-0,0217868
0,0757	-0,0217868
0,07575	-0,0219436
0,0758	-0,021834
0,07585	-0,0221156
0,0759	-0,022194
0,07595	-0,0221788
0,076	-0,022194
0,07605	-0,0222568
0,0761	-0,0223512
0,07615	-0,0224296
0,0762	-0,0225708
0,07625	-0,0226336
0,0763	-0,0226648
0,07635	-0,022806
0,0764	-0,0229152
0,07645	-0,0230252
0,0765	-0,023072
0,07655	-0,0232444
0,0766	-0,02348
0,07665	-0,0234172
0,0767	-0,023778
0,07675	-0,0237152
0,0768	-0,0239344
0,07685	-0,0238876
0,0769	-0,0239188
0,07695	-0,0241068
0,077	-0,0240444
0,07705	-0,0244052
0,0771	-0,0244204
0,07715	-0,0244516
0,0772	-0,0246872
0,07725	-0,0245932
0,0773	-0,0248912
0,07735	-0,0248444
0,0774	-0,0250944
0,07745	-0,0252204
0,0775	-0,025204
0,07755	-0,0253924
0,0776	-0,0255024
0,07765	-0,0256596
0,0777	-0,0258
0,07775	-0,0259412
0,0778	-0,0259568
0,07785	-0,026114
0,0779	-0,026208
0,07795	-0,0263648
0,078	-0,0264896
0,07805	-0,0265532
0,0781	-0,0266936
0,07815	-0,0267248
0,0782	-0,0269764
0,07825	-0,0270072
0,0783	-0,0270856
0,07835	-0,0272736
0,0784	-0,0273204
0,07845	-0,027494
0,0785	-0,027556
0,07855	-0,0276972
0,0786	-0,02776
0,07865	-0,0279172
0,0787	-0,0281204
0,07875	-0,0281368
0,0788	-0,0281676
0,07885	-0,028356
0,0789	-0,028512
0,07895	-0,0287004
0,079	-0,0287636
0,07905	-0,0289208
0,0791	-0,02914
0,07915	-0,0292496
0,0792	-0,0294532
0,07925	-0,0296572
0,0793	-0,0296096
0,07935	-0,0297352
0,0794	-0,0298456
0,07945	-0,030002
0,0795	-0,0301584
0,07955	-0,0300804
0,0796	-0,0302684
0,07965	-0,0304412
0,0797	-0,0305664
0,07975	-0,030598
0,0798	-0,03066
0,07985	-0,0308488
0,0799	-0,0310992
0,07995	-0,0311308
0,08	-0,0312404
0,08005	-0,0312244
0,0801	-0,031366
0,08015	-0,0315536
0,0802	-0,0316956
0,08025	-0,0318208
0,0803	-0,031852
0,08035	-0,032056
0,0804	-0,0320088
0,08045	-0,0321812
0,0805	-0,0321656
0,08055	-0,0322284
0,0806	-0,0324948
0,08065	-0,0325888
0,0807	-0,0326988
0,08075	-0,0327464
0,0808	-0,0328244
0,08085	-0,0330284
0,0809	-0,0331064
0,08095	-0,0332008
0,081	-0,0332472
0,08105	-0,0333572
0,0811	-0,0335768
0,08115	-0,0336388
0,0812	-0,033812
0,08125	-0,0339056
0,0813	-0,034
0,08135	-0,0340152
0,0814	-0,0341888
0,08145	-0,03433
0,0815	-0,0344712
0,08155	-0,0344864
0,0816	-0,034564
0,08165	-0,0348312
0,0817	-0,034784
0,08175	-0,0350188
0,0818	-0,0351448
0,08185	-0,0352068
0,0819	-0,0354896
0,08195	-0,0354108
0,082	-0,0356624
0,08205	-0,035772
0,0821	-0,035866
0,08215	-0,0359752
0,0822	-0,0360384
0,08225	-0,0362732
0,0823	-0,0362576
0,08235	-0,0364144
0,0824	-0,03654
0,08245	-0,0367124
0,0825	-0,0368228
0,08255	-0,0369004
0,0826	-0,0370728
0,08265	-0,0372924
0,0827	-0,0374024
0,08275	-0,037512
0,0828	-0,037622
0,08285	-0,0377156
0,0829	-0,0378256
0,08295	-0,0379824
0,083	-0,037982
0,08305	-0,0381708
0,0831	-0,0382804
0,08315	-0,038484
0,0832	-0,0386096
0,08325	-0,0386564
0,0833	-0,0388604
0,08335	-0,0387664
0,0834	-0,0389864
0,08345	-0,0391584
0,0835	-0,0392684
0,08355	-0,039378
0,0836	-0,039472
0,08365	-0,0397696
0,0837	-0,039832
0,08375	-0,040036
0,0838	-0,0401616
0,08385	-0,0400828
0,0839	-0,0403336
0,08395	-0,0404596
0,084	-0,0405224
0,08405	-0,0406324
0,0841	-0,0407572
0,08415	-0,0409144
0,0842	-0,041024
0,08425	-0,0410552
0,0843	-0,0412276
0,08435	-0,0412748
0,0844	-0,0414
0,08445	-0,04162
0,0845	-0,0416356
0,08455	-0,0417612
0,0846	-0,0420432
0,08465	-0,0420588
0,0847	-0,042278
0,08475	-0,042278
0,0848	-0,0424196
0,08485	-0,0425292
0,0849	-0,0426076
0,08495	-0,0427016
0,085	-0,0426232
0,08505	-0,0427484
0,0851	-0,0428892
0,08515	-0,0429204
0,0852	-0,0430936
0,08525	-0,043156
0,0853	-0,0433608
0,08535	-0,0435168
0,0854	-0,0435176
0,08545	-0,0436728
0,0855	-0,0435012
0,08555	-0,0438148
0,0856	-0,0437992
0,08565	-0,043956
0,0857	-0,0440184
0,08575	-0,044112
0,0858	-0,0442068
0,08585	-0,0443316
0,0859	-0,0443948
0,08595	-0,044536
0,086	-0,0445828
0,08605	-0,04463
0,0861	-0,04474
0,08615	-0,044708
0,0862	-0,0449596
0,08625	-0,0450688
0,0863	-0,0451624
0,08635	-0,0453352
0,0864	-0,0452888
0,08645	-0,0454612
0,0865	-0,045618
0,08655	-0,0456336
0,0866	-0,0458056
0,08665	-0,045884
0,0867	-0,0460252
0,08675	-0,0461504
0,0868	-0,0461504
0,08685	-0,046292
0,0869	-0,046402
0,08695	-0,0466212
0,087	-0,04659
0,08705	-0,0466368
0,0871	-0,046778
0,08715	-0,0468248
0,0872	-0,0471696
0,08725	-0,0471544
0,0873	-0,0472484
0,08735	-0,0472952
0,0874	-0,047436
0,08745	-0,0476564
0,0875	-0,04764
0,08755	-0,047828
0,0876	-0,04786
0,08765	-0,0479384
0,0877	-0,04822
0,08775	-0,0482512
0,0878	-0,04833
0,08785	-0,0483924
0,0879	-0,0485656
0,08795	-0,0486752
0,088	-0,048722
0,08805	-0,0488476
0,0881	-0,0490348
0,08815	-0,049114
0,0882	-0,0493024
0,08825	-0,049396
0,0883	-0,0494272
0,08835	-0,0495528
0,0884	-0,0497096
0,08845	-0,0498512
0,0885	-0,0499136
0,08855	-0,049976
0,0886	-0,0501012
0,08865	-0,050102
0,0887	-0,0502428
0,08875	-0,0503212
0,0888	-0,0503532
0,08885	-0,0505876
0,0889	-0,0506032
0,08895	-0,0506664
0,089	-0,0506972
0,08905	-0,050776
0,0891	-0,0510268
0,08915	-0,0511364
0,0892	-0,0512464
0,08925	-0,05131
0,0893	-0,051372
0,08935	-0,0514192
0,0894	-0,0515292
0,08945	-0,0516076
0,0895	-0,0517012
0,08955	-0,0516384
0,0896	-0,0517948
0,08965	-0,051764
0,0897	-0,0518272
0,08975	-0,0520144
0,0898	-0,052124
0,08985	-0,0522184
0,0899	-0,052218
0,08995	-0,0523124
0,09	-0,0525316
0,09005	-0,0524532
0,0901	-0,0525476
0,09015	-0,0527512
0,0902	-0,0526416
0,09025	-0,0529548
0,0903	-0,0528924
0,09035	-0,0530492
0,0904	-0,0530804
0,09045	-0,0531592
0,0905	-0,0533784
0,09055	-0,053378
0,0906	-0,053378
0,09065	-0,0533152
0,0907	-0,0533936
0,09075	-0,0534568
0,0908	-0,0535352
0,09085	-0,0536296
0,0909	-0,05363
0,09095	-0,0538176
0,091	-0,0539428
0,09105	-0,0539432
0,0911	-0,0539744
0,09115	-0,0539584
0,0912	-0,0540996
0,09125	-0,0541776
0,0913	-0,0542716
0,09135	-0,054256
0,0914	-0,054366
0,09145	-0,0546168
0,0915	-0,0545696
0,09155	-0,0546324
0,0916	-0,0546948
0,09165	-0,0548372
0,0917	-0,0549464
0,09175	-0,05504
0,0918	-0,0551496
0,09185	-0,0551028
0,0919	-0,0553384
0,09195	-0,055338
0,092	-0,0555104
0,09205	-0,0554472
0,0921	-0,0554792
0,09215	-0,0555732
0,0922	-0,0556356
0,09225	-0,05573
0,0923	-0,0557144
0,09235	-0,0558244
0,0924	-0,0560756
0,09245	-0,0560912
0,0925	-0,0561228
0,09255	-0,0561856
0,0926	-0,0563576
0,09265	-0,05653
0,0927	-0,056734
0,09275	-0,056734
0,0928	-0,0567644
0,09285	-0,0568276
0,0929	-0,0569848
0,09295	-0,0570472
0,093	-0,057016
0,09305	-0,0570308
0,0931	-0,057032
0,09315	-0,0571412
0,0932	-0,0572356
0,09325	-0,057298
0,0933	-0,0574236
0,09335	-0,057486
0,0934	-0,0575492
0,09345	-0,0576424
0,0935	-0,0577056
0,09355	-0,0577524
0,0936	-0,0578628
0,09365	-0,0578624
0,0937	-0,0580828
0,09375	-0,058082
0,0938	-0,0581912
0,09385	-0,0581916
0,0939	-0,0582232
0,09395	-0,0583484
0,094	-0,0583324
0,09405	-0,0583484
0,0941	-0,0583488
0,09415	-0,0583336
0,0942	-0,0584268
0,09425	-0,0584268
0,0943	-0,0586304
0,09435	-0,0585524
0,0944	-0,0585992
0,09445	-0,0586304
0,0945	-0,0586308
0,09455	-0,0588184
0,0946	-0,0588188
0,09465	-0,0587872
0,0947	-0,0588972
0,09475	-0,0589756
0,0948	-0,0590224
0,09485	-0,0591324
0,0949	-0,0590224
0,09495	-0,0591792
0,095	-0,0591788
0,09505	-0,0593052
0,0951	-0,0592416
0,09515	-0,0592424
0,0952	-0,0593204
0,09525	-0,0594304
0,0953	-0,0595404
0,09535	-0,0595404
0,0954	-0,059572
0,09545	-0,0596492
0,0955	-0,0596812
0,09555	-0,0597908
0,0956	-0,0598224
0,09565	-0,0598696
0,0957	-0,0599476
0,09575	-0,0599956
0,0958	-0,0600264
0,09585	-0,0600736
0,0959	-0,060198
0,09595	-0,0603084
0,096	-0,0602924
0,09605	-0,060214
0,0961	-0,0603708
0,09615	-0,060418
0,0962	-0,060638
0,09625	-0,0606376
0,0963	-0,0606372
0,09635	-0,0606064
0,0964	-0,0607628
0,09645	-0,0608724
0,0965	-0,0609508
0,09655	-0,060888
0,0966	-0,0609348
0,09665	-0,0609352
0,0967	-0,0610764
0,09675	-0,0612644
0,0968	-0,06128
0,09685	-0,0613428
0,0969	-0,0612648
0,09695	-0,0614216
0,097	-0,0615156
0,09705	-0,061594
0,0971	-0,0615944
0,09715	-0,06172
0,0972	-0,0617972
0,09725	-0,0620476
0,0973	-0,06197
0,09735	-0,0620324
0,0974	-0,0622052
0,09745	-0,0621584
0,0975	-0,0623464
0,09755	-0,0622836
0,0976	-0,0623624
0,09765	-0,0624252
0,0977	-0,0622688
0,09775	-0,0624408
0,0978	-0,0623936
0,09785	-0,0625656
0,0979	-0,0625968
0,09795	-0,0624564
0,098	-0,0627224
0,09805	-0,0625348
0,0981	-0,0628168
0,09815	-0,0626916
0,0982	-0,0626916
0,09825	-0,0629424
0,0983	-0,0628168
0,09835	-0,062974
0,0984	-0,0630992
0,09845	-0,0630832
0,0985	-0,0632404
0,09855	-0,0630996
0,0986	-0,063224
0,09865	-0,0631612
0,0987	-0,0631464
0,09875	-0,063194
0,0988	-0,06324
0,09885	-0,0631932
0,0989	-0,063366
0,09895	-0,0634124
0,099	-0,063476
0,09905	-0,0634752
0,0991	-0,0634908
0,09915	-0,063538
0,0992	-0,0636324
0,09925	-0,0636324
0,0993	-0,0636944
0,09935	-0,063648
0,0994	-0,063804
0,09945	-0,06371
0,0995	-0,063946
0,09955	-0,0638988
0,0996	-0,0637416
0,09965	-0,0639772
0,0997	-0,0637576
0,09975	-0,0640244
0,0998	-0,0639932
0,09985	-0,06393
0,0999	-0,0640868
0,09995	-0,0639304
0,1	-0,0642912
0,10005	-0,06415
0,1001	-0,0641496
0,10015	-0,0642276
0,1002	-0,0641184
0,10025	-0,0643536
0,1003	-0,0642748
0,10035	-0,0642744
0,1004	-0,0643532
0,10045	-0,0643064
0,1005	-0,0643684
0,10055	-0,0643852
0,1006	-0,0644164
0,10065	-0,0645884
0,1007	-0,0646824
0,10075	-0,064698
0,1008	-0,0647456
0,10085	-0,064824
0,1009	-0,064934
0,10095	-0,0648864
0,101	-0,0648396
0,10105	-0,0649964
0,1011	-0,0650436
0,10115	-0,065216
0,1012	-0,0652
0,10125	-0,0651844
0,1013	-0,0653416
0,10135	-0,0653252
0,1014	-0,0655444
0,10145	-0,0654196
0,1015	-0,0653728
0,10155	-0,0654356
0,1016	-0,0654668
0,10165	-0,0657332
0,1017	-0,0657804
0,10175	-0,0657016
0,1018	-0,0659368
0,10185	-0,065874
0,1019	-0,0659996
0,10195	-0,066
0,102	-0,0660316
0,10205	-0,066078
0,1021	-0,0659684
0,10215	-0,066062
0,1022	-0,0661092
0,10225	-0,0660776
0,1023	-0,0661252
0,10235	-0,0660468
0,1024	-0,0661252
0,10245	-0,0660308
0,1025	-0,066062
0,10255	-0,06625
0,1026	-0,0661248
0,10265	-0,066156
0,1027	-0,0661092
0,10275	-0,0661876
0,1028	-0,0662348
0,10285	-0,0661408
0,1029	-0,0662508
0,10295	-0,0662036
0,103	-0,0662816
0,10305	-0,0662352
0,1031	-0,0662816
0,10315	-0,066062
0,1032	-0,0660156
0,10325	-0,066156
0,1033	-0,0663448
0,10335	-0,0662036
0,1034	-0,0660932
0,10345	-0,0662188
0,1035	-0,0662504
0,10355	-0,066376
0,1036	-0,0664232
0,10365	-0,0663444
0,1037	-0,06647
0,10375	-0,0664232
0,1038	-0,06658
0,10385	-0,066658
0,1039	-0,0666584
0,10395	-0,066658
0,104	-0,0666424
0,10405	-0,0666896
0,1041	-0,0666892
0,10415	-0,0666268
0,1042	-0,06658
0,10425	-0,0666264
0,1043	-0,066674
0,10435	-0,0666576
0,1044	-0,0665952
0,10445	-0,066752
0,1045	-0,0667828
0,10455	-0,0667052
0,1046	-0,066768
0,10465	-0,0667208
0,1047	-0,0667832
0,10475	-0,0668932
0,1048	-0,0666896
0,10485	-0,066846
0,1049	-0,0668148
0,10495	-0,06694
0,105	-0,06694
0,10505	-0,0669872
0,1051	-0,0669552
0,10515	-0,0669556
0,1052	-0,0670656
0,10525	-0,0670188
0,1053	-0,0670816
0,10535	-0,067222
0,1054	-0,0671128
0,10545	-0,0673008
0,1055	-0,0673324
0,10555	-0,0673636
0,1056	-0,0673168
0,10565	-0,0672228
0,1057	-0,0673636
0,10575	-0,0674416
0,1058	-0,0675048
0,10585	-0,0675992
0,1059	-0,0675516
0,10595	-0,0676928
0,106	-0,0676144
0,10605	-0,0677244
0,1061	-0,0677556
0,10615	-0,0676772
0,1062	-0,0677088
0,10625	-0,067912
0,1063	-0,0680532
0,10635	-0,0681004
0,1064	-0,0681472
0,10645	-0,068022
0,1065	-0,068022
0,10655	-0,0681788
0,1066	-0,0681628
0,10665	-0,068148
0,1067	-0,06796
0,10675	-0,0680224
0,1068	-0,0681
0,10685	-0,0681628
0,1069	-0,0681628
0,10695	-0,068022
0,107	-0,0681944
0,10705	-0,0682572
0,1071	-0,0683196
0,10715	-0,0682564
0,1072	-0,0681164
0,10725	-0,0682412
0,1073	-0,0682576
0,10735	-0,0683984
0,1074	-0,068304
0,10745	-0,068226
0,1075	-0,0683668
0,10755	-0,0682568
0,1076	-0,0683664
0,10765	-0,0682568
0,1077	-0,0681784
0,10775	-0,0682572
0,1078	-0,0680848
0,10785	-0,0682572
0,1079	-0,0683044
0,10795	-0,0682884
0,108	-0,0682884
0,10805	-0,0684292
0,1081	-0,0683824
0,10815	-0,068414
0,1082	-0,0683668
0,10825	-0,0684608
0,1083	-0,0685392
0,10835	-0,0683828
0,1084	-0,0685696
0,10845	-0,0684452
0,1085	-0,0684612
0,10855	-0,0684604
0,1086	-0,068398
0,10865	-0,068476
0,1087	-0,0683192
0,10875	-0,0685388
0,1088	-0,0685388
0,10885	-0,0683668
0,1089	-0,0685544
0,10895	-0,0683352
0,109	-0,0685384
0,10905	-0,0685388
0,1091	-0,068414
0,10915	-0,0685072
0,1092	-0,068304
0,10925	-0,0686176
0,1093	-0,0686016
0,10935	-0,0684912
0,1094	-0,0685076
0,10945	-0,0683668
0,1095	-0,0686016
0,10955	-0,0685392
0,1096	-0,068508
0,10965	-0,0685856
0,1097	-0,0685076
0,10975	-0,0686176
0,1098	-0,0686796
0,10985	-0,0688688
0,1099	-0,0688844
0,10995	-0,0688056
0,11	-0,0688368
0,11005	-0,068962
0,1101	-0,0690252
0,11015	-0,0690252
0,1102	-0,068994
0,11025	-0,0688684
0,1103	-0,0691348
0,11035	-0,0690248
0,1104	-0,069072
0,11045	-0,0691348
0,1105	-0,0691348
0,11055	-0,0692452
0,1106	-0,069166
0,11065	-0,0692292
0,1107	-0,0692136
0,11075	-0,0691824
0,1108	-0,0695424
0,11085	-0,069354
0,1109	-0,0695576
0,11095	-0,0696052
0,111	-0,0694172
0,11105	-0,0696836
0,1111	-0,0695112
0,11115	-0,069636
0,1112	-0,0695264
0,11125	-0,06948
0,1113	-0,0696364
0,11135	-0,0694328
0,1114	-0,0695424
0,11145	-0,0695264
0,1115	-0,069338
0,11155	-0,0696052
0,1116	-0,0694324
0,11165	-0,0695108
0,1117	-0,0693544
0,11175	-0,0693856
0,1118	-0,0694956
0,11185	-0,0694952
0,1119	-0,0695424
0,11195	-0,0694324
0,112	-0,0694644
0,11205	-0,0695428
0,1121	-0,0694328
0,11215	-0,0694648
0,1122	-0,0693388
0,11225	-0,069386
0,1123	-0,0694644
0,11235	-0,0694016
0,1124	-0,0693856
0,11245	-0,0694016
0,1125	-0,0693704
0,11255	-0,0695112
0,1126	-0,0694488
0,11265	-0,0693548
0,1127	-0,069402
0,11275	-0,0694636
0,1128	-0,069496
0,11285	-0,0695892
0,1129	-0,06948
0,11295	-0,069558
0,113	-0,0694324
0,11305	-0,0695584
0,1131	-0,0696524
0,11315	-0,0693076
0,1132	-0,0695268
0,11325	-0,0693076
0,1133	-0,06948
0,11335	-0,069542
0,1134	-0,0694172
0,11345	-0,0696052
0,1135	-0,069464
0,11355	-0,0695896
0,1136	-0,0695896
0,11365	-0,0694488
0,1137	-0,0695428
0,11375	-0,0694168
0,1138	-0,0695736
0,11385	-0,069574
0,1139	-0,0695268
0,11395	-0,069652
0,114	-0,0694488
0,11405	-0,0697152
0,1141	-0,0695736
0,11415	-0,0697304
0,1142	-0,069652
0,11425	-0,069574
0,1143	-0,0696204
0,11435	-0,06959
0,1144	-0,0697464
0,11445	-0,0697304
0,1145	-0,069778
0,11455	-0,0697152
0,1146	-0,0697776
0,11465	-0,0697776
0,1147	-0,0697932
0,11475	-0,0699184
0,1148	-0,0698088
0,11485	-0,0700756
0,1149	-0,0698556
0,11495	-0,0699504
0,115	-0,0700128
0,11505	-0,06995
0,1151	-0,0701696
0,11515	-0,0700288
0,1152	-0,070138
0,11525	-0,0701856
0,1153	-0,0700916
0,11535	-0,0703572
0,1154	-0,070232
0,11545	-0,0704364
0,1155	-0,0702952
0,11555	-0,0703424
0,1156	-0,0704212
0,11565	-0,0702324
0,1157	-0,0704364
0,11575	-0,0703576
0,1158	-0,0704208
0,11585	-0,0704516
0,1159	-0,0702796
0,11595	-0,070436
0,116	-0,070374
0,11605	-0,0703112
0,1161	-0,0705304
0,11615	-0,0702956
0,1162	-0,070264
0,11625	-0,0704048
0,1163	-0,0703584
0,11635	-0,0704208
0,1164	-0,0703896
0,11645	-0,0703108
0,1165	-0,0704676
0,11655	-0,070436
0,1166	-0,0705312
0,11665	-0,0704204
0,1167	-0,07017
0,11675	-0,0702648
0,1168	-0,070154
0,11685	-0,0702796
0,1169	-0,0703112
0,11695	-0,070154
0,117	-0,0701856
0,11705	-0,0701068
0,1171	-0,07028
0,11715	-0,0703108
0,1172	-0,0701068
0,11725	-0,0703424
0,1173	-0,07017
0,11735	-0,0704988
0,1174	-0,0703732
0,11745	-0,0703112
0,1175	-0,0703108
0,11755	-0,070264
0,1176	-0,0703892
0,11765	-0,070248
0,1177	-0,0703108
0,11775	-0,0703584
0,1178	-0,0704676
0,11785	-0,0704212
0,1179	-0,0703888
0,11795	-0,07042
0,118	-0,0704988
0,11805	-0,070374
0,1181	-0,0704368
0,11815	-0,0703888
0,1182	-0,0703424
0,11825	-0,0703424
0,1183	-0,0704672
0,11835	-0,0703112
0,1184	-0,070436
0,11845	-0,0703264
0,1185	-0,0704048
0,11855	-0,0704364
0,1186	-0,0703116
0,11865	-0,0704992
0,1187	-0,07042
0,11875	-0,0704988
0,1188	-0,0704988
0,11885	-0,0704676
0,1189	-0,0705144
0,11895	-0,0703736
0,119	-0,070546
0,11905	-0,07053
0,1191	-0,070452
0,11915	-0,0705304
0,1192	-0,0704048
0,11925	-0,0705296
0,1193	-0,07042
0,11935	-0,0704992
0,1194	-0,07053
0,11945	-0,0704988
0,1195	-0,0705768
0,11955	-0,0704516
0,1196	-0,0706552
0,11965	-0,0706876
0,1197	-0,0705772
0,11975	-0,0705612
0,1198	-0,0706244
0,11985	-0,070734
0,1199	-0,0708592
0,11995	-0,0708912
0,12	-0,070796
0,12005	-0,070812
0,1201	-0,070812
0,12015	-0,0708596
0,1202	-0,0707968
0,12025	-0,070624
0,1203	-0,0707184
0,12035	-0,0707496
0,1204	-0,0707656
0,12045	-0,0706876
0,1205	-0,0706876
0,12055	-0,0708124
0,1206	-0,0707964
0,12065	-0,0707812
0,1207	-0,0707348
0,12075	-0,07064
0,1208	-0,0708284
0,12085	-0,0707964
0,1209	-0,0707656
0,12095	-0,07075
0,121	-0,07075
0,12105	-0,0708124
0,1211	-0,07075
0,12115	-0,0707028
0,1212	-0,0707028
0,12125	-0,0705464
0,1213	-0,070562
0,12135	-0,0704992
0,1214	-0,0704988
0,12145	-0,070562
0,1215	-0,0705304
0,12155	-0,0706248
0,1216	-0,0705932
0,12165	-0,07053
0,1217	-0,0705296
0,12175	-0,070546
0,1218	-0,0706876
0,12185	-0,0706552
0,1219	-0,0705148
0,12195	-0,07064
0,122	-0,0704832
0,12205	-0,0706092
0,1221	-0,0706088
0,12215	-0,0705144
0,1222	-0,0704996
0,12225	-0,0704044
0,1223	-0,0705144
0,12235	-0,0704828
0,1224	-0,0705156
0,12245	-0,0705312
0,1225	-0,070452
0,12255	-0,0706084
0,1226	-0,0705932
0,12265	-0,0706252
0,1227	-0,0706404
0,12275	-0,0705152
0,1228	-0,070546
0,12285	-0,0706556
0,1229	-0,0705304
0,12295	-0,0706088
0,123	-0,0705612
0,12305	-0,0704368
0,1231	-0,0706408
0,12315	-0,0705308
0,1232	-0,0706088
0,12325	-0,0704836
0,1233	-0,0703896
0,12335	-0,0706872
0,1234	-0,0706244
0,12345	-0,0705624
0,1235	-0,0706084
0,12355	-0,0705936
0,1236	-0,0707352
0,12365	-0,0706248
0,1237	-0,0706716
0,12375	-0,070562
0,1238	-0,0706244
0,12385	-0,0706872
0,1239	-0,0705772
0,12395	-0,070766
0,124	-0,0706712
0,12405	-0,070656
0,1241	-0,0707492
0,12415	-0,0706244
0,1242	-0,0707024
0,12425	-0,0706556
0,1243	-0,0706712
0,12435	-0,0708596
0,1244	-0,0709224
0,12445	-0,0708596
0,1245	-0,0709064
0,12455	-0,0708436
0,1246	-0,0709384
0,12465	-0,0709224
0,1247	-0,0708284
0,12475	-0,070812
0,1248	-0,0707656
0,12485	-0,070828
0,1249	-0,070844
0,12495	-0,0707024
0,125	-0,0707028
0,12505	-0,0706092
0,1251	-0,07075
0,12515	-0,0707968
0,1252	-0,070734
0,12525	-0,0707032
0,1253	-0,0705776
0,12535	-0,0707816
0,1254	-0,0707184
0,12545	-0,0705928
0,1255	-0,070734
0,12555	-0,0706712
0,1256	-0,0706876
0,12565	-0,0707652
0,1257	-0,070656
0,12575	-0,0705776
0,1258	-0,0704052
0,12585	-0,0704992
0,1259	-0,0705932
0,12595	-0,0704356
0,126	-0,0704996
0,12605	-0,0704516
0,1261	-0,0703736
0,12615	-0,0703892
0,1262	-0,0703104
0,12625	-0,070546
0,1263	-0,0704676
0,12635	-0,0704832
0,1264	-0,0705464
0,12645	-0,070358
0,1265	-0,0704832
0,12655	-0,0704832
0,1266	-0,0703892
0,12665	-0,0706252
0,1267	-0,070374
0,12675	-0,0704992
0,1268	-0,0704208
0,12685	-0,0703892
0,1269	-0,0704672
0,12695	-0,0703424
0,127	-0,070358
0,12705	-0,0703576
0,1271	-0,0703576
0,12715	-0,0705152
0,1272	-0,0702636
0,12725	-0,0704044
0,1273	-0,0703892
0,12735	-0,0703584
0,1274	-0,0704052
0,12745	-0,0704204
0,1275	-0,070436
0,12755	-0,0704048
0,1276	-0,0703264
0,12765	-0,0702952
0,1277	-0,0703732
0,12775	-0,0702952
0,1278	-0,0703576
0,12785	-0,0702792
0,1279	-0,0704828
0,12795	-0,0704524
0,128	-0,0703892
0,12805	-0,0705616
0,1281	-0,0703728
0,12815	-0,0703736
0,1282	-0,0703736
0,12825	-0,0702948
0,1283	-0,0704204
0,12835	-0,0702328
0,1284	-0,0704208
0,12845	-0,070342
0,1285	-0,0702952
0,12855	-0,0703888
0,1286	-0,070342
0,12865	-0,0704676
0,1287	-0,0704048
0,12875	-0,07042
0,1288	-0,0704516
0,12885	-0,070452
0,1289	-0,0706244
0,12895	-0,0705776
0,129	-0,0706092
0,12905	-0,0705928
0,1291	-0,0706084
0,12915	-0,0705928
0,1292	-0,070734
0,12925	-0,0705776
0,1293	-0,0705616
0,12935	-0,0704836
0,1294	-0,070436
0,12945	-0,0705772
0,1295	-0,070452
0,12955	-0,0705612
0,1296	-0,0704672
0,12965	-0,0704516
0,1297	-0,0704676
0,12975	-0,0703108
0,1298	-0,0705308
0,12985	-0,0703424
0,1299	-0,070452
0,12995	-0,0704208
0,13	-0,0703412
0,13005	-0,070452
0,1301	-0,0704676
0,13015	-0,0704676
0,1302	-0,0703888
0,13025	-0,0702484
0,1303	-0,0703424
0,13035	-0,0702016
0,1304	-0,07028
0,13045	-0,070264
0,1305	-0,0701692
0,13055	-0,070138
0,1306	-0,0701856
0,13065	-0,0702484
0,1307	-0,0702484
0,13075	-0,070138
0,1308	-0,0701068
0,13085	-0,0701068
0,1309	-0,0701388
0,13095	-0,0702012
0,131	-0,070154
0,13105	-0,0701068
0,1311	-0,0702324
0,13115	-0,0700912
0,1312	-0,0702012
0,13125	-0,070092
0,1313	-0,070044
0,13135	-0,0701384
0,1314	-0,0699816
0,13145	-0,0701392
0,1315	-0,0700292
0,13155	-0,070028
0,1316	-0,0700284
0,13165	-0,0698868
0,1317	-0,0700908
0,13175	-0,0700284
0,1318	-0,0700916
0,13185	-0,0700444
0,1319	-0,0699656
0,13195	-0,0700756
0,132	-0,0699344
0,13205	-0,070044
0,1321	-0,0699344
0,13215	-0,0699652
0,1322	-0,0700132
0,13225	-0,069934
0,1323	-0,0700128
0,13235	-0,0700444
0,1324	-0,0701236
0,13245	-0,0699972
0,1325	-0,0699656
0,13255	-0,0700444
0,1326	-0,070154
0,13265	-0,0701228
0,1327	-0,0700756
0,13275	-0,070154
0,1328	-0,0699812
0,13285	-0,07017
0,1329	-0,0700604
0,13295	-0,0701224
0,133	-0,0700912
0,13305	-0,0699816
0,1331	-0,0701696
0,13315	-0,0700912
0,1332	-0,0700596
0,13325	-0,0700764
0,1333	-0,0699504
0,13335	-0,0699972
0,1334	-0,0701224
0,13345	-0,0701224
0,1335	-0,0701696
0,13355	-0,0701388
0,1336	-0,0701852
0,13365	-0,0701856
0,1337	-0,0701696
0,13375	-0,0701228
0,1338	-0,0701228
0,13385	-0,0700912
0,1339	-0,0701384
0,13395	-0,070076
0,134	-0,0701544
0,13405	-0,070138
0,1341	-0,0700448
0,13415	-0,0701232
0,1342	-0,0700604
0,13425	-0,070154
0,1343	-0,0701544
0,13435	-0,0700444
0,1344	-0,070154
0,13445	-0,0701856
0,1345	-0,0703264
0,13455	-0,0702012
0,1346	-0,0702476
0,13465	-0,070248
0,1347	-0,0700752
0,13475	-0,0701696
0,1348	-0,070076
0,13485	-0,0700128
0,1349	-0,0700444
0,13495	-0,0699816
0,135	-0,0699972
0,13505	-0,0699024
0,1351	-0,0699188
0,13515	-0,0699972
0,1352	-0,0699032
0,13525	-0,0699344
0,1353	-0,0699344
0,13535	-0,0698876
0,1354	-0,069934
0,13545	-0,0699028
0,1355	-0,069966
0,13555	-0,0698872
0,1356	-0,0699032
0,13565	-0,0699028
0,1357	-0,0699344
0,13575	-0,0698724
0,1358	-0,0698724
0,13585	-0,0697624
0,1359	-0,069872
0,13595	-0,069762
0,136	-0,0696684
0,13605	-0,069652
0,1361	-0,0696364
0,13615	-0,069668
0,1362	-0,0696836
0,13625	-0,0695112
0,1363	-0,0695896
0,13635	-0,0695272
0,1364	-0,0697308
0,13645	-0,0696364
0,1365	-0,069668
0,13655	-0,0696996
0,1366	-0,0694328
0,13665	-0,0696992
0,1367	-0,0695112
0,13675	-0,0696208
0,1368	-0,0696368
0,13685	-0,0694796
0,1369	-0,069496
0,13695	-0,0695272
0,137	-0,0695428
0,13705	-0,0696528
0,1371	-0,0696684
0,13715	-0,0696364
0,1372	-0,0696212
0,13725	-0,0696212
0,1373	-0,0696836
0,13735	-0,0696056
0,1374	-0,069606
0,13745	-0,0696208
0,1375	-0,0696992
0,13755	-0,0697624
0,1376	-0,069652
0,13765	-0,069746
0,1377	-0,0697936
0,13775	-0,0696204
0,1378	-0,0697148
0,13785	-0,0696056
0,1379	-0,0698084
0,13795	-0,0697148
0,138	-0,0697304
0,13805	-0,0698872
0,1381	-0,069778
0,13815	-0,0697624
0,1382	-0,0698248
0,13825	-0,0697776
0,1383	-0,06984
0,13835	-0,0697932
0,1384	-0,0697772
0,13845	-0,0699184
0,1385	-0,0696676
0,13855	-0,0696992
0,1386	-0,069762
0,13865	-0,0696992
0,1387	-0,0698876
0,13875	-0,0697304
0,1388	-0,0696988
0,13885	-0,0695904
0,1389	-0,0696052
0,13895	-0,0696676
0,139	-0,0696056
0,13905	-0,0696836
0,1391	-0,0697932
0,13915	-0,0698088
0,1392	-0,0698716
0,13925	-0,069872
0,1393	-0,0697308
0,13935	-0,0697148
0,1394	-0,0696684
0,13945	-0,0697308
0,1395	-0,0696524
0,13955	-0,0695896
0,1396	-0,0695736
0,13965	-0,069558
0,1397	-0,0696676
0,13975	-0,069652
0,1398	-0,0696832
0,13985	-0,0696056
0,1399	-0,0696212
0,13995	-0,0696364
0,14	-0,0696048
0,14005	-0,0694956
0,1401	-0,0695424
0,14015	-0,0694168
0,1402	-0,069606
0,14025	-0,0694952
0,1403	-0,0695104
0,14035	-0,0695112
0,1404	-0,0694488
0,14045	-0,0694332
0,1405	-0,0693544
0,14055	-0,0693544
0,1406	-0,0694644
0,14065	-0,0693232
0,1407	-0,0693548
0,14075	-0,0692764
0,1408	-0,0691668
0,14085	-0,0693696
0,1409	-0,069198
0,14095	-0,0691664
0,141	-0,0692132
0,14105	-0,0691032
0,1411	-0,069198
0,14115	-0,0691664
0,1412	-0,0692136
0,14125	-0,0691664
0,1413	-0,069182
0,14135	-0,0692444
0,1414	-0,0691036
0,14145	-0,0692132
0,1415	-0,069276
0,14155	-0,0692448
0,1416	-0,0693232
0,14165	-0,0692288
0,1417	-0,0692916
0,14175	-0,0693388
0,1418	-0,0692288
0,14185	-0,069386
0,1419	-0,0693388
0,14195	-0,06926
0,142	-0,0693072
0,14205	-0,0691196
0,1421	-0,0693228
0,14215	-0,0690728
0,1422	-0,0692756
0,14225	-0,0693228
0,1423	-0,0693068
0,14235	-0,0692604
0,1424	-0,0692292
0,14245	-0,0693852
0,1425	-0,0694952
0,14255	-0,0694016
0,1426	-0,0694488
0,14265	-0,0695116
0,1427	-0,0694956
0,14275	-0,069558
0,1428	-0,0694644
0,14285	-0,0694644
0,1429	-0,0694644
0,14295	-0,0695268
0,143	-0,0693696
0,14305	-0,0693384
0,1431	-0,0693548
0,14315	-0,0692912
0,1432	-0,06926
0,14325	-0,0695108
0,1433	-0,0693392
0,14335	-0,0693548
0,1434	-0,0693068
0,14345	-0,06937
0,1435	-0,0694328
0,14355	-0,0693072
0,1436	-0,0694012
0,14365	-0,0694328
0,1437	-0,069464
0,14375	-0,0694168
0,1438	-0,0693856
0,14385	-0,0694172
0,1439	-0,0693704
0,14395	-0,0692608
0,144	-0,0691664
0,14405	-0,0690416
0,1441	-0,0690724
0,14415	-0,0690724
0,1442	-0,0690724
0,14425	-0,06915
0,1443	-0,0690408
0,14435	-0,069104
0,1444	-0,0691508
0,14445	-0,0691192
0,1445	-0,0691664
0,14455	-0,0690252
0,1446	-0,0692292
0,14465	-0,069182
0,1447	-0,0691036
0,14475	-0,0691344
0,1448	-0,0690256
0,14485	-0,0689468
0,1449	-0,0690096
0,14495	-0,0689468
0,145	-0,0689624
0,14505	-0,0688996
0,1451	-0,0688992
0,14515	-0,0690252
0,1452	-0,0689624
0,14525	-0,0689
0,1453	-0,0688688
0,14535	-0,0687584
0,1454	-0,0687748
0,14545	-0,0687592
0,1455	-0,0687276
0,14555	-0,068728
0,1456	-0,0686952
0,14565	-0,0687272
0,1457	-0,06868
0,14575	-0,0686648
0,1458	-0,0687272
0,14585	-0,0686172
0,1459	-0,06879
0,14595	-0,0687896
0,146	-0,0687112
0,14605	-0,068884
0,1461	-0,0687436
0,14615	-0,0688684
0,1462	-0,0688996
0,14625	-0,068884
0,1463	-0,0689156
0,14635	-0,0688528
0,1464	-0,0688836
0,14645	-0,0688056
0,1465	-0,0687744
0,14655	-0,068884
0,1466	-0,0688372
0,14665	-0,0689316
0,1467	-0,068916
0,14675	-0,068994
0,1468	-0,0689932
0,14685	-0,0689156
0,1469	-0,0688372
0,14695	-0,0688844
0,147	-0,0689784
0,14705	-0,0690884
0,1471	-0,0689788
0,14715	-0,0689784
0,1472	-0,069072
0,14725	-0,0689784
0,1473	-0,0690568
0,14735	-0,0690412
0,1474	-0,0690092
0,14745	-0,0690096
0,1475	-0,0689784
0,14755	-0,068994
0,1476	-0,0688992
0,14765	-0,0688056
0,1477	-0,0689312
0,14775	-0,0689628
0,1478	-0,0689624
0,14785	-0,0688056
0,1479	-0,0687588
0,14795	-0,0688996
0,148	-0,0687892
0,14805	-0,0688684
0,1481	-0,0688056
0,14815	-0,0687744
0,1482	-0,0689312
0,14825	-0,0688372
0,1483	-0,0688684
0,14835	-0,0687896
0,1484	-0,0686964
0,14845	-0,068884
0,1485	-0,0687272
0,14855	-0,0687588
0,1486	-0,068586
0,14865	-0,0687272
0,1487	-0,0687432
0,14875	-0,0686484
0,1488	-0,0686648
0,14885	-0,0686488
0,1489	-0,0686492
0,14895	-0,068664
0,149	-0,068602
0,14905	-0,0686176
0,1491	-0,068508
0,14915	-0,0685552
0,1492	-0,0686016
0,14925	-0,0685704
0,1493	-0,0686336
0,14935	-0,068476
0,1494	-0,0685076
0,14945	-0,0685548
0,1495	-0,068492
0,14955	-0,0683516
0,1496	-0,0684608
0,14965	-0,06843
0,1497	-0,0684292
0,14975	-0,0683828
0,1498	-0,06832
0,14985	-0,0684764
0,1499	-0,0684296
0,14995	-0,068398
