0	-0,05331574
0,00005	-0,05350398
0,0001	-0,05348826
0,00015	-0,05341002
0,0002	-0,05348826
0,00025	-0,05342552
0,0003	-0,05351974
0,00035	-0,05342576
0,0004	-0,0534725
0,00045	-0,05339424
0,0005	-0,05333174
0,00055	-0,05319074
0,0006	-0,053206
0,00065	-0,05309626
0,0007	-0,05315878
0,00075	-0,05323702
0,0008	-0,05315926
0,00085	-0,05298676
0,0009	-0,053065
0,00095	-0,05304926
0,001	-0,05317452
0,00105	-0,05304926
0,0011	-0,05312778
0,00115	-0,05314376
0,0012	-0,05311198
0,00125	-0,05315926
0,0013	-0,05303324
0,00135	-0,053112
0,0014	-0,05303402
0,00145	-0,05298676
0,0015	-0,053018
0,00155	-0,0529865
0,0016	-0,0529395
0,00165	-0,05295524
0,0017	-0,05304952
0,00175	-0,05304926
0,0018	-0,05298626
0,00185	-0,05303352
0,0019	-0,05297126
0,00195	-0,05300226
0,002	-0,05303352
0,00205	-0,05295552
0,0021	-0,05295502
0,00215	-0,052987
0,0022	-0,05292402
0,00225	-0,05293952
0,0023	-0,05292376
0,00235	-0,0529865
0,0024	-0,05295476
0,00245	-0,05284552
0,0025	-0,05289252
0,00255	-0,05289226
0,0026	-0,05287676
0,00265	-0,052861
0,0027	-0,05278278
0,00275	-0,05276726
0,0028	-0,05275126
0,00285	-0,05276752
0,0029	-0,05264152
0,00295	-0,0526725
0,003	-0,05272026
0,00305	-0,05261052
0,0031	-0,05262576
0,00315	-0,05265726
0,0032	-0,0525625
0,00325	-0,05270426
0,0033	-0,0525315
0,00335	-0,0525475
0,0034	-0,05248474
0,00345	-0,05251652
0,0035	-0,05259426
0,00355	-0,052532
0,0036	-0,0526415
0,00365	-0,05272026
0,0037	-0,052767
0,00375	-0,05297126
0,0038	-0,05284576
0,00385	-0,05286124
0,0039	-0,05289252
0,00395	-0,0528925
0,004	-0,05304902
0,00405	-0,05284524
0,0041	-0,05289226
0,00415	-0,0527985
0,0042	-0,05276726
0,00425	-0,05286124
0,0043	-0,05282976
0,00435	-0,05284548
0,0044	-0,0527355
0,00445	-0,05278326
0,0045	-0,05281426
0,00455	-0,052877
0,0046	-0,05278276
0,00465	-0,05284576
0,0047	-0,0528615
0,00475	-0,05290826
0,0048	-0,052955
0,00485	-0,05279824
0,0049	-0,05276726
0,00495	-0,0527985
0,005	-0,0527985
0,00505	-0,05273552
0,0051	-0,0526255
0,00515	-0,052438
0,0052	-0,05239076
0,00525	-0,05251626
0,0053	-0,05254774
0,00535	-0,05253176
0,0054	-0,05251624
0,00545	-0,052438
0,0055	-0,052516
0,00555	-0,05245352
0,0056	-0,05239126
0,00565	-0,05240652
0,0057	-0,05240652
0,00575	-0,05235952
0,0058	-0,05245326
0,00585	-0,0523435
0,0059	-0,05237526
0,00595	-0,05231224
0,006	-0,0523905
0,00605	-0,0523595
0,0061	-0,052375
0,00615	-0,05234348
0,0062	-0,05234376
0,00625	-0,0524225
0,0063	-0,05231224
0,00635	-0,052297
0,0064	-0,0522965
0,00645	-0,05231224
0,0065	-0,05237526
0,00655	-0,05231252
0,0066	-0,05220276
0,00665	-0,0523125
0,0067	-0,05221828
0,00675	-0,0523125
0,0068	-0,05225002
0,00685	-0,05232826
0,0069	-0,05228098
0,00695	-0,05224952
0,007	-0,05215526
0,00705	-0,0521555
0,0071	-0,05214004
0,00715	-0,052093
0,0072	-0,05220248
0,00725	-0,05204576
0,0073	-0,052093
0,00735	-0,05199874
0,0074	-0,052015
0,00745	-0,05198326
0,0075	-0,051873
0,00755	-0,05190476
0,0076	-0,05187324
0,00765	-0,05187322
0,0077	-0,05190474
0,00775	-0,05187322
0,0078	-0,051889
0,00785	-0,05171676
0,0079	-0,05181048
0,00795	-0,05187324
0,008	-0,05188896
0,00805	-0,05190448
0,0081	-0,05176374
0,00815	-0,05184172
0,0082	-0,05195174
0,00825	-0,05206122
0,0083	-0,05217124
0,00835	-0,0520145
0,0084	-0,05201426
0,00845	-0,05204602
0,0085	-0,05206124
0,00855	-0,0520615
0,0086	-0,05206148
0,00865	-0,05196724
0,0087	-0,05206148
0,00875	-0,05204598
0,0088	-0,052093
0,00885	-0,05203
0,0089	-0,05199876
0,00895	-0,05203026
0,009	-0,05210848
0,00905	-0,05209248
0,0091	-0,05196752
0,00915	-0,05203002
0,0092	-0,05199874
0,00925	-0,05193624
0,0093	-0,05199876
0,00935	-0,05198326
0,0094	-0,0518735
0,00945	-0,05193626
0,0095	-0,05190502
0,00955	-0,05187324
0,0096	-0,05192076
0,00965	-0,05181048
0,0097	-0,05184196
0,00975	-0,05174774
0,0098	-0,05173254
0,00985	-0,05185776
0,0099	-0,05170128
0,00995	-0,05176376
0,01	-0,05181076
0,01005	-0,05181074
0,0101	-0,05173222
0,01015	-0,05168526
0,0102	-0,05162278
0,01025	-0,05160676
0,0103	-0,05160674
0,01035	-0,05168526
0,0104	-0,051607
0,01045	-0,05160674
0,0105	-0,05155974
0,01055	-0,05154424
0,0106	-0,0517165
0,01065	-0,05152852
0,0107	-0,05163824
0,01075	-0,05166948
0,0108	-0,05171676
0,01085	-0,0516225
0,0109	-0,05148148
0,01095	-0,0516695
0,011	-0,05163824
0,01105	-0,05162246
0,0111	-0,05154426
0,01115	-0,05140324
0,0112	-0,05146576
0,01125	-0,05149726
0,0113	-0,051466
0,01135	-0,05143426
0,0114	-0,05129326
0,01145	-0,05144974
0,0115	-0,05149726
0,01155	-0,0513875
0,0116	-0,05130902
0,01165	-0,05127774
0,0117	-0,05119924
0,01175	-0,0513245
0,0118	-0,05126226
0,01185	-0,0512935
0,0119	-0,05127798
0,01195	-0,05118374
0,012	-0,05113676
0,01205	-0,05098
0,0121	-0,0510265
0,01215	-0,05102676
0,0122	-0,05101124
0,01225	-0,05107398
0,0123	-0,05101128
0,01235	-0,05105802
0,0124	-0,050964
0,01245	-0,05102676
0,0125	-0,05116774
0,01255	-0,05099552
0,0126	-0,0511365
0,01265	-0,05123072
0,0127	-0,05129348
0,01275	-0,051309
0,0128	-0,05140322
0,01285	-0,05146574
0,0129	-0,05132474
0,01295	-0,05132472
0,013	-0,05134048
0,01305	-0,05137174
0,0131	-0,05132476
0,01315	-0,05121502
0,0132	-0,05134026
0,01325	-0,05121474
0,0133	-0,05121524
0,01335	-0,05121476
0,0134	-0,05112076
0,01345	-0,05110524
0,0135	-0,0510895
0,01355	-0,05118376
0,0136	-0,05130902
0,01365	-0,051262
0,0137	-0,05129352
0,01375	-0,05134076
0,0138	-0,05134052
0,01385	-0,05137176
0,0139	-0,05126226
0,01395	-0,05132502
0,014	-0,051309
0,01405	-0,051215
0,0141	-0,051121
0,01415	-0,05097978
0,0142	-0,05094852
0,01425	-0,050964
0,0143	-0,05091726
0,01435	-0,05088602
0,0144	-0,05090152
0,01445	-0,0508075
0,0145	-0,05087
0,01455	-0,05080776
0,0146	-0,05083926
0,01465	-0,05085452
0,0147	-0,05077576
0,01475	-0,05086998
0,0148	-0,05099524
0,01485	-0,05085424
0,0149	-0,05090102
0,01495	-0,05082276
0,015	-0,0508385
0,01505	-0,0508075
0,0151	-0,05076024
0,01515	-0,050729
0,0152	-0,050635
0,01525	-0,050682
0,0153	-0,05076
0,01535	-0,05077624
0,0154	-0,050682
0,01545	-0,05074476
0,0155	-0,05076052
0,01555	-0,050619
0,0156	-0,0507135
0,01565	-0,05066626
0,0157	-0,0506035
0,01575	-0,0507605
0,0158	-0,05068176
0,01585	-0,05065078
0,0159	-0,05054126
0,01595	-0,050572
0,016	-0,050541
0,01605	-0,05057224
0,0161	-0,05058776
0,01615	-0,050478
0,0162	-0,05043074
0,01625	-0,050384
0,0163	-0,05043124
0,01635	-0,05046252
0,0164	-0,0504
0,01645	-0,05030524
0,0165	-0,05035276
0,01655	-0,05029024
0,0166	-0,050227
0,01665	-0,05025824
0,0167	-0,050306
0,01675	-0,0503215
0,0168	-0,05022724
0,01685	-0,05025876
0,0169	-0,050227
0,01695	-0,050243
0,017	-0,05022726
0,01705	-0,05029
0,0171	-0,05018024
0,01715	-0,0502745
0,0172	-0,050243
0,01725	-0,0503215
0,0173	-0,050478
0,01735	-0,0503685
0,0174	-0,0504305
0,01745	-0,0503685
0,0175	-0,0504155
0,01755	-0,0503995
0,0176	-0,05033698
0,01765	-0,05049376
0,0177	-0,050353
0,01775	-0,05046224
0,0178	-0,050478
0,01785	-0,0504155
0,0179	-0,050509
0,01795	-0,050494
0,018	-0,050572
0,01805	-0,05044724
0,0181	-0,05039974
0,01815	-0,050431
0,0182	-0,05047776
0,01825	-0,05041524
0,0183	-0,050509
0,01835	-0,050494
0,0184	-0,05046226
0,01845	-0,05050926
0,0185	-0,05057176
0,01855	-0,050494
0,0186	-0,050509
0,01865	-0,0503685
0,0187	-0,05036848
0,01875	-0,05021152
0,0188	-0,0501175
0,01885	-0,05019576
0,0189	-0,05010176
0,01895	-0,05018
0,019	-0,05014876
0,01905	-0,05014924
0,0191	-0,05016526
0,01915	-0,050117
0,0192	-0,05014902
0,01925	-0,0500235
0,0193	-0,05011776
0,01935	-0,0500545
0,0194	-0,05000776
0,01945	-0,0499605
0,0195	-0,04991374
0,01955	-0,04985102
0,0196	-0,04989826
0,01965	-0,0500235
0,0197	-0,04996074
0,01975	-0,0499135
0,0198	-0,04996074
0,01985	-0,04996076
0,0199	-0,049929
0,01995	-0,04989826
0,02	-0,04980348
0,02005	-0,04996098
0,0201	-0,04989798
0,02015	-0,04992924
0,0202	-0,04983498
0,02025	-0,04991376
0,0203	-0,04994498
0,02035	-0,04996074
0,0204	-0,04991348
0,02045	-0,04985098
0,0205	-0,04986652
0,02055	-0,04986676
0,0206	-0,04988224
0,02065	-0,04978798
0,0207	-0,049804
0,02075	-0,0497725
0,0208	-0,04974124
0,02085	-0,049788
0,0209	-0,04977252
0,02095	-0,04972522
0,021	-0,04977226
0,02105	-0,04967826
0,0211	-0,04967848
0,02115	-0,04966272
0,0212	-0,049663
0,02125	-0,04956874
0,0213	-0,04964674
0,02135	-0,0496315
0,0214	-0,04953774
0,02145	-0,04947472
0,0215	-0,0494745
0,02155	-0,04955276
0,0216	-0,04961552
0,02165	-0,04958426
0,0217	-0,04953698
0,02175	-0,04961576
0,0218	-0,04978798
0,02185	-0,0497255
0,0219	-0,04964724
0,02195	-0,04978798
0,022	-0,0496785
0,02205	-0,04989774
0,0221	-0,04980376
0,02215	-0,04977224
0,0222	-0,04966248
0,02225	-0,04988198
0,0223	-0,0498665
0,02235	-0,04983528
0,0224	-0,0497255
0,02245	-0,04959998
0,0225	-0,04975648
0,02255	-0,04978798
0,0226	-0,04972524
0,02265	-0,04978824
0,0227	-0,04969372
0,02275	-0,04983524
0,0228	-0,04977248
0,02285	-0,0497725
0,0229	-0,049929
0,02295	-0,0497725
0,023	-0,04983524
0,02305	-0,04963098
0,0231	-0,04966274
0,02315	-0,0496155
0,0232	-0,0494745
0,02325	-0,04950598
0,0233	-0,04942774
0,02335	-0,04944324
0,0234	-0,0494275
0,02345	-0,0493805
0,0235	-0,049459
0,02355	-0,04934924
0,0236	-0,049271
0,02365	-0,04923952
0,0237	-0,04927102
0,02375	-0,04938052
0,0238	-0,04919224
0,02385	-0,04914524
0,0239	-0,04917674
0,02395	-0,04916128
0,024	-0,04919198
0,02405	-0,04919248
0,0241	-0,04914546
0,02415	-0,04916096
0,0242	-0,0491765
0,02425	-0,04914548
0,0243	-0,04919272
0,02435	-0,04906698
0,0244	-0,04920824
0,02445	-0,04920798
0,0245	-0,04908298
0,02455	-0,049083
0,0246	-0,04905148
0,02465	-0,04908278
0,0247	-0,04905126
0,02475	-0,0490515
0,0248	-0,04909826
0,02485	-0,04897298
0,0249	-0,04908274
0,02495	-0,04909826
0,025	-0,0490985
0,02505	-0,04906724
0,0251	-0,048926
0,02515	-0,04914526
0,0252	-0,04898878
0,02525	-0,048926
0,0253	-0,04895752
0,02535	-0,04898874
0,0254	-0,0489885
0,02545	-0,04889452
0,0255	-0,0489415
0,02555	-0,04891002
0,0256	-0,04886324
0,02565	-0,0488635
0,0257	-0,04878502
0,02575	-0,04876902
0,0258	-0,048785
0,02585	-0,04876928
0,0259	-0,04876924
0,02595	-0,04864352
0,026	-0,04881626
0,02605	-0,04869078
0,0261	-0,0487848
0,02615	-0,04875376
0,0262	-0,04873752
0,02625	-0,04884748
0,0263	-0,0488945
0,02635	-0,04906724
0,0264	-0,04897302
0,02645	-0,04900426
0,0265	-0,04902
0,02655	-0,04903576
0,0266	-0,04905146
0,02665	-0,04909826
0,0267	-0,04906726
0,02675	-0,04894152
0,0268	-0,04905148
0,02685	-0,04905126
0,0269	-0,04900424
0,02695	-0,04905152
0,027	-0,04898852
0,02705	-0,04906722
0,0271	-0,04898848
0,02715	-0,04895726
0,0272	-0,0490045
0,02725	-0,04900424
0,0273	-0,04898874
0,02735	-0,049067
0,0274	-0,04905126
0,02745	-0,04894176
0,0275	-0,04892624
0,02755	-0,0490515
0,0276	-0,04897298
0,02765	-0,04884752
0,0277	-0,04881624
0,02775	-0,04876928
0,0278	-0,04870626
0,02785	-0,04865976
0,0279	-0,048612
0,02795	-0,048565
0,028	-0,04856576
0,02805	-0,04862828
0,0281	-0,0485025
0,02815	-0,0484085
0,0282	-0,04853376
0,02825	-0,04845552
0,0283	-0,0485965
0,02835	-0,04845576
0,0284	-0,04844026
0,02845	-0,04848726
0,0285	-0,048377
0,02855	-0,04845578
0,0286	-0,04828302
0,02865	-0,04839302
0,0287	-0,04833002
0,02875	-0,04834576
0,0288	-0,0483305
0,02885	-0,04834576
0,0289	-0,04839302
0,02895	-0,04839274
0,029	-0,0483305
0,02905	-0,0483305
0,0291	-0,04829876
0,02915	-0,04833
0,0292	-0,04828324
0,02925	-0,04828276
0,0293	-0,04831426
0,02935	-0,04826752
0,0294	-0,04820526
0,02945	-0,04828352
0,0295	-0,04829902
0,02955	-0,04828276
0,0296	-0,048283
0,02965	-0,04822026
0,0297	-0,04826776
0,02975	-0,048173
0,0298	-0,04823626
0,02985	-0,048283
0,0299	-0,04826752
0,02995	-0,04815778
0,03	-0,0480945
0,03005	-0,0481265
0,0301	-0,04806326
0,03015	-0,0480165
0,0302	-0,04803226
0,03025	-0,0480485
0,0303	-0,04803226
0,03035	-0,04798526
0,0304	-0,048048
0,03045	-0,04793826
0,0305	-0,04792276
0,03055	-0,04789074
0,0306	-0,04786002
0,03065	-0,04785952
0,0307	-0,04785974
0,03075	-0,04782826
0,0308	-0,0479385
0,03085	-0,048095
0,0309	-0,04811102
0,03095	-0,0482205
0,031	-0,04814226
0,03105	-0,04820452
0,0311	-0,0482045
0,03115	-0,04820476
0,0312	-0,04814176
0,03125	-0,048064
0,0313	-0,0482675
0,03135	-0,0482835
0,0314	-0,04823602
0,03145	-0,04825178
0,0315	-0,04817326
0,03155	-0,04820476
0,0316	-0,04825176
0,03165	-0,04822
0,0317	-0,04814202
0,03175	-0,0482205
0,0318	-0,04818926
0,03185	-0,04833026
0,0319	-0,04826752
0,03195	-0,048393
0,032	-0,04829876
0,03205	-0,04826774
0,0321	-0,0483775
0,03215	-0,0481575
0,0322	-0,04814224
0,03225	-0,04801648
0,0323	-0,04800102
0,03235	-0,0480945
0,0324	-0,04796926
0,03245	-0,04781278
0,0325	-0,04792252
0,03255	-0,04782824
0,0326	-0,04790678
0,03265	-0,04789102
0,0327	-0,04781252
0,03275	-0,047844
0,0328	-0,04781276
0,03285	-0,0478755
0,0329	-0,04768726
0,03295	-0,04770274
0,033	-0,04770276
0,03305	-0,04779726
0,0331	-0,04768728
0,03315	-0,04767174
0,0332	-0,04767126
0,03325	-0,047546
0,0333	-0,0476245
0,03335	-0,04756202
0,0334	-0,04760876
0,03345	-0,0476405
0,0335	-0,04760876
0,03355	-0,0475305
0,0336	-0,04756226
0,03365	-0,0475775
0,0337	-0,04753052
0,03375	-0,04756152
0,0338	-0,04753026
0,03385	-0,0474525
0,0339	-0,04749926
0,03395	-0,0474525
0,034	-0,047499
0,03405	-0,0474365
0,0341	-0,04738976
0,03415	-0,047468
0,0342	-0,0473735
0,03425	-0,04742078
0,0343	-0,0473895
0,03435	-0,047374
0,0344	-0,0475305
0,03445	-0,04743652
0,0345	-0,04745226
0,03455	-0,047311
0,0346	-0,047358
0,03465	-0,04731102
0,0347	-0,04729528
0,03475	-0,04726404
0,0348	-0,04723252
0,03485	-0,04718554
0,0349	-0,04721702
0,03495	-0,04724852
0,035	-0,04721678
0,03505	-0,04709124
0,0351	-0,04713852
0,03515	-0,04715428
0,0352	-0,04721678
0,03525	-0,047217
0,0353	-0,04715426
0,03535	-0,04729502
0,0354	-0,04731074
0,03545	-0,04742076
0,0355	-0,04735824
0,03555	-0,0474205
0,0356	-0,047405
0,03565	-0,04753052
0,0357	-0,04743628
0,03575	-0,04740474
0,0358	-0,04731102
0,03585	-0,04737374
0,0359	-0,04742048
0,03595	-0,04732674
0,036	-0,0472165
0,03605	-0,047217
0,0361	-0,04717
0,03615	-0,04720102
0,0362	-0,04716972
0,03625	-0,04710722
0,0363	-0,04723248
0,03635	-0,04713848
0,0364	-0,04713874
0,03645	-0,04712274
0,0365	-0,0470915
0,03655	-0,047217
0,0366	-0,04717
0,03665	-0,04718576
0,0367	-0,04704452
0,03675	-0,04698176
0,0368	-0,0469035
0,03685	-0,04696602
0,0369	-0,04704426
0,03695	-0,0468405
0,037	-0,04685626
0,03705	-0,0468565
0,0371	-0,046856
0,03715	-0,04696574
0,0372	-0,04690352
0,03725	-0,046825
0,0373	-0,04690354
0,03735	-0,04685626
0,0374	-0,0468565
0,03745	-0,04674652
0,0375	-0,04682526
0,03755	-0,04682502
0,0376	-0,046809
0,03765	-0,04687228
0,0377	-0,04676226
0,03775	-0,04676224
0,0378	-0,04671526
0,03785	-0,0467625
0,0379	-0,04674652
0,03795	-0,0466685
0,038	-0,04665302
0,03805	-0,04662102
0,0381	-0,04662152
0,03815	-0,04660576
0,0382	-0,04666828
0,03825	-0,04663702
0,0383	-0,0466995
0,03835	-0,0465585
0,0384	-0,04654326
0,03845	-0,04657426
0,0385	-0,04651124
0,03855	-0,04655876
0,0386	-0,04637074
0,03865	-0,04654276
0,0387	-0,04651126
0,03875	-0,04646472
0,0388	-0,04659002
0,03885	-0,046355
0,0389	-0,04648
0,03895	-0,04643298
0,039	-0,04640148
0,03905	-0,0464645
0,0391	-0,04635474
0,03915	-0,046292
0,0392	-0,04629226
0,03925	-0,04635474
0,0393	-0,0463705
0,03935	-0,0462135
0,0394	-0,04626048
0,03945	-0,0462295
0,0395	-0,04618224
0,03955	-0,04615102
0,0396	-0,04615124
0,03965	-0,04619774
0,0397	-0,04608828
0,03975	-0,046198
0,0398	-0,0462135
0,03985	-0,0462135
0,0399	-0,04621326
0,03995	-0,046339
0,04	-0,04640198
0,04005	-0,0465115
0,0401	-0,04648002
0,04015	-0,04637026
0,0402	-0,0465275
0,04025	-0,04630772
0,0403	-0,046292
0,04035	-0,04638624
0,0404	-0,04633948
0,04045	-0,0463705
0,0405	-0,04613526
0,04055	-0,04612026
0,0406	-0,046292
0,04065	-0,046245
0,0407	-0,04635476
0,04075	-0,04616674
0,0408	-0,04616674
0,04085	-0,04600976
0,0409	-0,04618224
0,04095	-0,04626102
0,041	-0,0461035
0,04105	-0,0462455
0,0411	-0,0463075
0,04115	-0,04624526
0,0412	-0,04630776
0,04125	-0,046104
0,0413	-0,04605702
0,04135	-0,04589976
0,0414	-0,04583774
0,04145	-0,0458685
0,0415	-0,04582126
0,04155	-0,04582176
0,0416	-0,04583728
0,04165	-0,04591524
0,0417	-0,04583702
0,04175	-0,0459155
0,0418	-0,04588426
0,04185	-0,0458685
0,0419	-0,04580624
0,04195	-0,04593128
0,042	-0,0457905
0,04205	-0,04586824
0,0421	-0,0458845
0,04215	-0,0459
0,0422	-0,045822
0,04225	-0,04564926
0,0423	-0,04571226
0,04235	-0,04579052
0,0424	-0,0456175
0,04245	-0,045665
0,0425	-0,04568076
0,04255	-0,0455865
0,0426	-0,04574276
0,04265	-0,04564876
0,0427	-0,04566474
0,04275	-0,0455865
0,0428	-0,04564902
0,04285	-0,04575904
0,0429	-0,04579026
0,04295	-0,04582174
0,043	-0,045712
0,04305	-0,0456805
0,0431	-0,04575876
0,04315	-0,045696
0,0432	-0,0456965
0,04325	-0,04575876
0,0433	-0,04561776
0,04335	-0,0456645
0,0434	-0,0456335
0,04345	-0,04564876
0,0435	-0,04558624
0,04355	-0,0455235
0,0436	-0,04553928
0,04365	-0,04553902
0,0437	-0,04544526
0,04375	-0,04546078
0,0438	-0,04531978
0,04385	-0,04552376
0,0439	-0,04530424
0,04395	-0,04536678
0,044	-0,045304
0,04405	-0,045367
0,0441	-0,0452725
0,04415	-0,04521052
0,0442	-0,04530428
0,04425	-0,04530402
0,0443	-0,04522578
0,04435	-0,04531976
0,0444	-0,0452885
0,04445	-0,04536698
0,0445	-0,04541376
0,04455	-0,04536676
0,0446	-0,045414
0,04465	-0,04538278
0,0447	-0,04541376
0,04475	-0,04544552
0,0448	-0,04531974
0,04485	-0,04539826
0,0449	-0,04547676
0,04495	-0,04539802
0,045	-0,04542976
0,04505	-0,04535126
0,0451	-0,04536674
0,04515	-0,04533524
0,0452	-0,04538248
0,04525	-0,04541376
0,0453	-0,04530426
0,04535	-0,04533526
0,0454	-0,04530378
0,04545	-0,04538274
0,0455	-0,0454765
0,04555	-0,04541404
0,0456	-0,04539828
0,04565	-0,045351
0,0457	-0,0452885
0,04575	-0,0453195
0,0458	-0,0451785
0,04585	-0,0452255
0,0459	-0,04511602
0,04595	-0,0451005
0,046	-0,0449435
0,04605	-0,04495924
0,0461	-0,0449435
0,04615	-0,04494326
0,0462	-0,04483396
0,04625	-0,0449275
0,0463	-0,04489648
0,04635	-0,04483376
0,0464	-0,04486498
0,04645	-0,04472402
0,0465	-0,04477126
0,04655	-0,04467698
0,0466	-0,04466124
0,04665	-0,04467698
0,0467	-0,04456722
0,04675	-0,04455148
0,0468	-0,04439476
0,04685	-0,04434798
0,0469	-0,0444265
0,04695	-0,04437926
0,047	-0,04436374
0,04705	-0,04409704
0,0471	-0,04406576
0,04715	-0,04400302
0,0472	-0,0439245
0,04725	-0,0438465
0,0473	-0,04368926
0,04735	-0,0435795
0,0474	-0,04347
0,04745	-0,04336002
0,0475	-0,04323448
0,04755	-0,04287424
0,0476	-0,04281124
0,04765	-0,04265476
0,0477	-0,04251374
0,04775	-0,04223124
0,0478	-0,041996
0,04785	-0,04174524
0,0479	-0,04152574
0,04795	-0,04141576
0,048	-0,04116476
0,04805	-0,04072626
0,0481	-0,0404125
0,04815	-0,040146
0,0482	-0,039801
0,04825	-0,03928352
0,0483	-0,0389075
0,04835	-0,03846874
0,0484	-0,03804526
0,04845	-0,0376215
0,0485	-0,03722974
0,04855	-0,03672824
0,0486	-0,03624226
0,04865	-0,0358815
0,0487	-0,035333
0,04875	-0,03486222
0,0488	-0,03417226
0,04885	-0,03367126
0,0489	-0,03329476
0,04895	-0,03268348
0,049	-0,03221252
0,04905	-0,03183678
0,0491	-0,03120924
0,04915	-0,0308335
0,0492	-0,03017476
0,04925	-0,0297045
0,0493	-0,02913976
0,04935	-0,02855974
0,0494	-0,02801126
0,04945	-0,02743128
0,0495	-0,026851
0,04955	-0,02619224
0,0496	-0,02553426
0,04965	-0,02506374
0,0497	-0,02445226
0,04975	-0,02398176
0,0498	-0,02337052
0,04985	-0,0227905
0,0499	-0,02227298
0,04995	-0,02167702
0,05	-0,02115976
0,05005	-0,02059552
0,0501	-0,02007776
0,05015	-0,01956054
0,0502	-0,01893324
0,05025	-0,01830648
0,0503	-0,01780476
0,05035	-0,01720878
0,0504	-0,01667602
0,05045	-0,01608026
0,0505	-0,01531154
0,05055	-0,01480978
0,0506	-0,01426126
0,05065	-0,01380676
0,0507	-0,01338324
0,05075	-0,012725
0,0508	-0,01219228
0,05085	-0,01162702
0,0509	-0,01120378
0,05095	-0,01057702
0,051	-0,01005924
0,05105	-0,00968376
0,0511	-0,00904026
0,05115	-0,00863252
0,0512	-0,00811548
0,05125	-0,007488
0,0513	-0,00689202
0,05135	-0,0063125
0,0514	-0,00582624
0,05145	-0,00532502
0,0515	-0,00480752
0,05155	-0,00427424
0,0516	-0,00361552
0,05165	-0,00323926
0,0517	-0,002769
0,05175	-0,00233024
0,0518	-0,00186
0,05185	-0,001248
0,0519	-0,00084024
0,05195	-0,000292
0,052	0,00025676
0,05205	0,00061726
0,0521	0,00126024
0,05215	0,0016525
0,0522	0,00207572
0,05225	0,00252998
0,0523	0,00300022
0,05235	0,00347076
0,0524	0,0039095
0,05245	0,00428574
0,0525	0,00458398
0,05255	0,00510126
0,0526	0,00544622
0,05265	0,005948
0,0527	0,00629276
0,05275	0,006748
0,0528	0,00701424
0,05285	0,00734348
0,0529	0,00779822
0,05295	0,00800174
0,053	0,00837824
0,05305	0,00869174
0,0531	0,00909924
0,05315	0,00928726
0,0532	0,00952272
0,05325	0,00994602
0,0533	0,01002446
0,05335	0,0104005
0,0534	0,01071398
0,05345	0,01076126
0,0535	0,0110275
0,05355	0,011012
0,0536	0,0113255
0,05365	0,01135674
0,0537	0,01156072
0,05375	0,01182726
0,0538	0,01189
0,05385	0,012
0,0539	0,01221926
0,05395	0,01242298
0,054	0,0125175
0,05405	0,0127525
0,0541	0,012925
0,05415	0,01308124
0,0542	0,01306574
0,05425	0,01333276
0,0543	0,0133955
0,05435	0,01350498
0,0544	0,01359878
0,05445	0,01369302
0,0545	0,01374026
0,05455	0,0138655
0,0546	0,0138655
0,05465	0,013944
0,0547	0,01397526
0,05475	0,01406952
0,0548	0,01422574
0,05485	0,01428902
0,0549	0,01453976
0,05495	0,014493
0,055	0,0146025
0,05505	0,014775
0,0551	0,01480624
0,05515	0,0149785
0,0552	0,01482176
0,05525	0,01491624
0,0553	0,014994
0,05535	0,0149785
0,0554	0,0149945
0,05545	0,0148535
0,0555	0,015057
0,05555	0,01501024
0,0556	0,01496274
0,05565	0,01502574
0,0557	0,01494724
0,05575	0,01504126
0,0558	0,01504126
0,05585	0,01516676
0,0559	0,01511974
0,05595	0,01502576
0,056	0,01500974
0,05605	0,0149945
0,0561	0,0150415
0,05615	0,01501
0,0562	0,0150885
0,05625	0,0148845
0,0563	0,01497876
0,05635	0,01490052
0,0564	0,01493202
0,05645	0,0149945
0,0565	0,01482226
0,05655	0,01491602
0,0566	0,01486926
0,05665	0,0148375
0,0567	0,014885
0,05675	0,0146495
0,0568	0,01483748
0,05685	0,01471198
0,0569	0,01475902
0,05695	0,014853
0,057	0,0145865
0,05705	0,0146965
0,0571	0,0146655
0,05715	0,01466476
0,0572	0,014712
0,05725	0,01453974
0,0573	0,014712
0,05735	0,01460226
0,0574	0,01461824
0,05745	0,0145395
0,0575	0,01439852
0,05755	0,014524
0,0576	0,01444574
0,05765	0,01439824
0,0577	0,01441426
0,05775	0,01435124
0,0578	0,01430426
0,05785	0,01424176
0,0579	0,014132
0,05795	0,01416324
0,058	0,01397552
0,05805	0,01392852
0,0581	0,01381876
0,05815	0,013646
0,0582	0,01367752
0,05825	0,01359926
0,0583	0,01350524
0,05835	0,01345778
0,0584	0,01342678
0,05845	0,013411
0,0585	0,01334852
0,05855	0,01322276
0,0586	0,01336426
0,05865	0,01306574
0,0587	0,013176
0,05875	0,01305026
0,0588	0,01300324
0,05885	0,01315972
0,0589	0,01292526
0,05895	0,01303476
0,059	0,01292476
0,05905	0,01276824
0,0591	0,012831
0,05915	0,01261126
0,0592	0,01264248
0,05925	0,01256476
0,0593	0,01253272
0,05935	0,01267374
0,0594	0,01247026
0,05945	0,01261152
0,0595	0,01251726
0,05955	0,01240752
0,0596	0,01250124
0,05965	0,01228176
0,0597	0,01239176
0,05975	0,01223448
0,0598	0,01228148
0,05985	0,01223474
0,0599	0,012047
0,05995	0,0120155
0,06	0,01199998
0,06005	0,01192148
0,0601	0,0118275
0,06015	0,01176426
0,0602	0,0118115
0,06025	0,0117335
0,0603	0,011639
0,06035	0,01184274
0,0604	0,01182798
0,06045	0,01173352
0,0605	0,01165524
0,06055	0,0116235
0,0606	0,011592
0,06065	0,01157676
0,0607	0,01145148
0,06075	0,0114825
0,0608	0,01135726
0,06085	0,01123148
0,0609	0,01121598
0,06095	0,0110905
0,061	0,01109048
0,06105	0,01099648
0,0611	0,01105948
0,06115	0,0109495
0,0612	0,01087078
0,06125	0,01087098
0,0613	0,01076124
0,06135	0,01079224
0,0614	0,0107455
0,06145	0,01061998
0,0615	0,01068298
0,06155	0,01049498
0,0616	0,0106045
0,06165	0,01058874
0,0617	0,01047926
0,06175	0,01049474
0,0618	0,0103535
0,06185	0,01038498
0,0619	0,01033772
0,06195	0,01025926
0,062	0,01030652
0,06205	0,01005574
0,0621	0,01013398
0,06215	0,01013398
0,0622	0,0099145
0,06225	0,00999302
0,0623	0,00983598
0,06235	0,00982076
0,0624	0,00986724
0,06245	0,00972602
0,0625	0,00969498
0,06255	0,00960102
0,0626	0,00952248
0,06265	0,00947552
0,0627	0,00938174
0,06275	0,0094125
0,0628	0,00931898
0,06285	0,00925626
0,0629	0,00920924
0,06295	0,009131
0,063	0,00906824
0,06305	0,0090995
0,0631	0,00905222
0,06315	0,00911522
0,0632	0,00891122
0,06325	0,00891124
0,0633	0,008817
0,06335	0,00878548
0,0634	0,00877026
0,06345	0,00862876
0,0635	0,00862924
0,06355	0,00848798
0,0636	0,00844074
0,06365	0,00851948
0,0637	0,00823698
0,06375	0,00825274
0,0638	0,00812724
0,06385	0,0081745
0,0639	0,0081275
0,06395	0,0081115
0,064	0,00803326
0,06405	0,00819002
0,0641	0,00815874
0,06415	0,00823726
0,0642	0,008049
0,06425	0,00808024
0,0643	0,0081115
0,06435	0,007986
0,0644	0,00801748
0,06445	0,00786048
0,0645	0,00790724
0,06455	0,007939
0,0646	0,00762572
0,06465	0,00773526
0,0647	0,007563
0,06475	0,00739072
0,0648	0,00754724
0,06485	0,00739026
0,0649	0,00737474
0,06495	0,00724946
0,065	0,00717078
0,06505	0,0071865
0,0651	0,00713926
0,06515	0,007155
0,0652	0,00706124
0,06525	0,00706124
0,0653	0,006967
0,06535	0,00690424
0,0654	0,00688848
0,06545	0,00676324
0,0655	0,00662198
0,06555	0,00681048
0,0656	0,00660648
0,06565	0,006512
0,0657	0,00651224
0,06575	0,006293
0,0658	0,00634024
0,06585	0,0062145
0,0659	0,00619926
0,06595	0,0061985
0,066	0,00596374
0,06605	0,005995
0,0661	0,00599498
0,06615	0,00585374
0,0662	0,00597926
0,06625	0,00588498
0,0663	0,00590098
0,06635	0,0058225
0,0664	0,00582248
0,06645	0,0058225
0,0665	0,00566574
0,06655	0,00577548
0,0666	0,00568148
0,06665	0,005697
0,0667	0,00572824
0,06675	0,00546198
0,0668	0,00557148
0,06685	0,0056345
0,0669	0,00546176
0,06695	0,00544598
0,067	0,00536824
0,06705	0,00528924
0,0671	0,0051485
0,06715	0,00500726
0,0672	0,00489772
0,06725	0,00477224
0,0673	0,00477224
0,06735	0,00467826
0,0674	0,00464698
0,06745	0,0046155
0,0675	0,00447426
0,06755	0,00450574
0,0676	0,0044585
0,06765	0,00423874
0,0677	0,00436476
0,06775	0,00414476
0,0678	0,00416024
0,06785	0,00412974
0,0679	0,0040355
0,06795	0,00400376
0,068	0,00401974
0,06805	0,003926
0,0681	0,00384752
0,06815	0,00380024
0,0682	0,003675
0,06825	0,003659
0,0683	0,003502
0,06835	0,00348648
0,0684	0,0034555
0,06845	0,00354948
0,0685	0,00354898
0,06855	0,00345526
0,0686	0,00353374
0,06865	0,00342398
0,0687	0,00340826
0,06875	0,00334526
0,0688	0,00311022
0,06885	0,00314174
0,0689	0,0030475
0,06895	0,00312626
0,069	0,003094
0,06905	0,0030475
0,0691	0,00298474
0,06915	0,00282774
0,0692	0,00295348
0,06925	0,00279698
0,0693	0,00271848
0,06935	0,0027965
0,0694	0,00279648
0,06945	0,0029375
0,0695	0,00273372
0,06955	0,00278126
0,0696	0,00274924
0,06965	0,00246752
0,0697	0,00256148
0,06975	0,00235772
0,0698	0,00237326
0,06985	0,00243624
0,0699	0,00238898
0,06995	0,00232652
0,07	0,00207524
0,07005	0,00210676
0,0701	0,00204398
0,07015	0,0019185
0,0702	0,001903
0,07025	0,001652
0,0703	0,00152698
0,07035	0,001621
0,0704	0,00149524
0,07045	0,00143276
0,0705	0,0012445
0,07055	0,00126024
0,0706	0,00125974
0,07065	0,00110324
0,0707	0,00096224
0,07075	0,0010875
0,0708	0,000978
0,07085	0,001166
0,0709	0,00105648
0,07095	0,00100924
0,071	0,0009155
0,07105	0,00080548
0,0711	0,00091526
0,07115	0,00085248
0,0712	0,00067974
0,07125	0,000696
0,0713	0,00053898
0,07135	0,00053898
0,0714	0,00053898
0,07145	0,00027252
0,0715	0,00033526
0,07155	0,00010024
0,0716	0,00013152
0,07165	-0,00011926
0,0717	-0,00030776
0,07175	-0,00032324
0,0718	-0,00044902
0,07185	-0,0004175
0,0719	-0,00041776
0,07195	-0,00057378
0,072	-0,00065226
0,07205	-0,00085652
0,0721	-0,00082526
0,07215	-0,00091902
0,0722	-0,00095076
0,07225	-0,00104426
0,0723	-0,00107626
0,07235	-0,00116976
0,0724	-0,00124826
0,07245	-0,00126402
0,0725	-0,00131074
0,07255	-0,00145198
0,0726	-0,0013895
0,07265	-0,00154624
0,0727	-0,0017815
0,07275	-0,00179676
0,0728	-0,00189126
0,07285	-0,0020165
0,0729	-0,00200102
0,07295	-0,00211052
0,073	-0,00207952
0,07305	-0,00212652
0,0731	-0,00226726
0,07315	-0,00209476
0,0732	-0,00222074
0,07325	-0,00228326
0,0733	-0,00236174
0,07335	-0,00247102
0,0734	-0,00253402
0,07345	-0,00259674
0,0735	-0,00270624
0,07355	-0,00264352
0,0736	-0,00269076
0,07365	-0,0026435
0,0737	-0,0028945
0,07375	-0,002738
0,0738	-0,002926
0,07385	-0,00305126
0,0739	-0,00311428
0,07395	-0,0030045
0,074	-0,00312974
0,07405	-0,00319252
0,0741	-0,00327126
0,07415	-0,00331774
0,0742	-0,0033965
0,07425	-0,00341198
0,0743	-0,00349022
0,07435	-0,0036625
0,0744	-0,00353726
0,07445	-0,00367852
0,0745	-0,00383502
0,07455	-0,00385102
0,0746	-0,00403926
0,07465	-0,004008
0,0747	-0,004086
0,07475	-0,00421152
0,0748	-0,0042585
0,07485	-0,00444678
0,0749	-0,0043525
0,07495	-0,0044155
0,075	-0,00466626
0,07505	-0,00466598
0,0751	-0,004776
0,07515	-0,004823
0,0752	-0,00498
0,07525	-0,005058
0,0753	-0,005199
0,07535	-0,005215
0,0754	-0,00515226
0,07545	-0,00524626
0,0755	-0,00532476
0,07555	-0,00535626
0,0756	-0,0054185
0,07565	-0,0054975
0,0757	-0,005591
0,07575	-0,00568524
0,0758	-0,00571676
0,07585	-0,0059515
0,0759	-0,00585778
0,07595	-0,0059675
0,076	-0,00606152
0,07605	-0,00620276
0,0761	-0,00637528
0,07615	-0,00651628
0,0762	-0,006579
0,07625	-0,0068145
0,0763	-0,0069555
0,07635	-0,00706526
0,0764	-0,00704926
0,07645	-0,00711226
0,0765	-0,00734726
0,07655	-0,00734724
0,0766	-0,00750402
0,07665	-0,00753526
0,0767	-0,00758252
0,07675	-0,00777074
0,0768	-0,00783298
0,07685	-0,0079425
0,0769	-0,00797426
0,07695	-0,00799002
0,077	-0,008131
0,07705	-0,00819398
0,0771	-0,00846052
0,07715	-0,0085075
0,0772	-0,00844478
0,07725	-0,0086955
0,0773	-0,008758
0,07735	-0,00899352
0,0774	-0,008915
0,07745	-0,00897752
0,0775	-0,00919724
0,07755	-0,00907174
0,0776	-0,00907178
0,07765	-0,00922848
0,0777	-0,00919728
0,07775	-0,009323
0,0778	-0,00924376
0,07785	-0,00941726
0,0779	-0,00952678
0,07795	-0,00960476
0,078	-0,0096205
0,07805	-0,0097305
0,0781	-0,00984002
0,07815	-0,009887
0,0782	-0,00991824
0,07825	-0,01001274
0,0783	-0,01012224
0,07835	-0,0102005
0,0784	-0,01029476
0,07845	-0,01035726
0,0785	-0,01056128
0,07855	-0,01048274
0,0786	-0,01046702
0,07865	-0,01081176
0,0787	-0,010765
0,07875	-0,01100028
0,0788	-0,01098452
0,07885	-0,01103126
0,0789	-0,01118852
0,07895	-0,01118852
0,079	-0,01128226
0,07905	-0,01147076
0,0791	-0,01148602
0,07915	-0,01161176
0,0792	-0,01162726
0,07925	-0,01176828
0,0793	-0,0117685
0,07935	-0,0118625
0,0794	-0,011941
0,07945	-0,01200352
0,0795	-0,01216048
0,07955	-0,01219176
0,0796	-0,01230154
0,07965	-0,012458
0,0797	-0,01244226
0,07975	-0,012631
0,0798	-0,01270924
0,07985	-0,01267776
0,0799	-0,01286602
0,07995	-0,01278776
0,08	-0,01297576
0,08005	-0,013101
0,0801	-0,0130385
0,08015	-0,01325774
0,0802	-0,01314802
0,08025	-0,01336748
0,0803	-0,01349276
0,08035	-0,01355576
0,0804	-0,01368126
0,08045	-0,01361876
0,0805	-0,01380676
0,08055	-0,013948
0,0806	-0,0139635
0,08065	-0,01413576
0,0807	-0,01412052
0,08075	-0,014418
0,0808	-0,01460626
0,08085	-0,01466876
0,0809	-0,01484154
0,08095	-0,01482552
0,081	-0,01502928
0,08105	-0,01512378
0,0811	-0,01517026
0,08115	-0,01524928
0,0812	-0,01531152
0,08125	-0,01548402
0,0813	-0,01565676
0,08135	-0,015735
0,0814	-0,01581326
0,08145	-0,01592302
0,0815	-0,015986
0,08155	-0,01620526
0,0816	-0,01625226
0,08165	-0,01625226
0,0817	-0,01640902
0,08175	-0,01647176
0,0818	-0,01680126
0,08185	-0,01672252
0,0819	-0,016958
0,08195	-0,01703602
0,082	-0,01709902
0,08205	-0,01725602
0,0821	-0,01727152
0,08215	-0,01725574
0,0822	-0,01723978
0,08225	-0,01720876
0,0823	-0,0174285
0,08235	-0,01744402
0,0824	-0,0175535
0,08245	-0,017648
0,0825	-0,01764776
0,08255	-0,0178515
0,0826	-0,01785152
0,08265	-0,01803974
0,0827	-0,01813398
0,08275	-0,0181965
0,0828	-0,018322
0,08285	-0,01827524
0,0829	-0,018353
0,08295	-0,01846302
0,083	-0,01851024
0,08305	-0,01871376
0,0831	-0,01874524
0,08315	-0,01883948
0,0832	-0,019043
0,08325	-0,01913726
0,0833	-0,0192625
0,08335	-0,01934126
0,0834	-0,01937252
0,08345	-0,01954476
0,0835	-0,01956052
0,08355	-0,01973276
0,0836	-0,01974874
0,08365	-0,01981152
0,0837	-0,02003126
0,08375	-0,02004674
0,0838	-0,02017202
0,08385	-0,02028152
0,0839	-0,020266
0,08395	-0,02048576
0,084	-0,02048578
0,08405	-0,02070524
0,0841	-0,020721
0,08415	-0,02076752
0,0842	-0,02089326
0,08425	-0,02101852
0,0843	-0,02112826
0,08435	-0,02136324
0,0844	-0,02136376
0,08445	-0,02147326
0,0845	-0,02141076
0,08455	-0,02159874
0,0846	-0,02175552
0,08465	-0,02169274
0,0847	-0,02191224
0,08475	-0,0218495
0,0848	-0,02205352
0,08485	-0,022257
0,0849	-0,02225702
0,08495	-0,022414
0,085	-0,02244552
0,08505	-0,02263378
0,0851	-0,022696
0,08515	-0,02288426
0,0852	-0,02302524
0,08525	-0,0232605
0,0853	-0,02332326
0,08535	-0,02352674
0,0854	-0,0236055
0,08545	-0,02373124
0,0855	-0,02382502
0,08555	-0,02384052
0,0856	-0,02402876
0,08565	-0,024107
0,0857	-0,02424826
0,08575	-0,02431104
0,0858	-0,02437352
0,08585	-0,0245615
0,0859	-0,02462474
0,08595	-0,02467152
0,086	-0,02471848
0,08605	-0,0248125
0,0861	-0,0250165
0,08615	-0,02506352
0,0862	-0,025189
0,08625	-0,02529876
0,0863	-0,02545528
0,08635	-0,02561226
0,0864	-0,0256125
0,08645	-0,02575376
0,0865	-0,02587876
0,08655	-0,0258475
0,0866	-0,02603526
0,08665	-0,025863
0,0867	-0,02606676
0,08675	-0,02606674
0,0868	-0,02609822
0,08685	-0,026318
0,0869	-0,0263495
0,08695	-0,026553
0,087	-0,02666276
0,08705	-0,02677252
0,0871	-0,026851
0,08715	-0,02688202
0,0872	-0,02700802
0,08725	-0,02714876
0,0873	-0,02708626
0,08735	-0,02732124
0,0874	-0,0273055
0,08745	-0,02738376
0,0875	-0,02752528
0,08755	-0,02757226
0,0876	-0,027619
0,08765	-0,02783874
0,0877	-0,0279325
0,08775	-0,02815224
0,0878	-0,02808952
0,08785	-0,02827748
0,0879	-0,02829302
0,08795	-0,02834028
0,088	-0,02863824
0,08805	-0,028654
0,0881	-0,0288265
0,08815	-0,02888926
0,0882	-0,02885776
0,08825	-0,0290775
0,0883	-0,02910874
0,08835	-0,02928078
0,0884	-0,02926548
0,08845	-0,02928102
0,0885	-0,02939074
0,08855	-0,02931228
0,0886	-0,02957902
0,08865	-0,02970476
0,0887	-0,029736
0,08875	-0,02992376
0,0888	-0,02992372
0,08885	-0,03012802
0,0889	-0,03017452
0,08895	-0,0301745
0,089	-0,03031574
0,08905	-0,03031574
0,0891	-0,03051974
0,08915	-0,03059826
0,0892	-0,03059798
0,08925	-0,03070774
0,0893	-0,03070752
0,08935	-0,030974
0,0894	-0,03092676
0,08945	-0,031037
0,0895	-0,03122526
0,08955	-0,03128776
0,0896	-0,03131924
0,08965	-0,03150724
0,0897	-0,03157024
0,08975	-0,03175852
0,0898	-0,0318365
0,08985	-0,03205626
0,0899	-0,032182
0,08995	-0,03227524
0,09	-0,03224424
0,09005	-0,032464
0,0901	-0,0324795
0,09015	-0,03271476
0,0902	-0,03268326
0,09025	-0,032683
0,0903	-0,03285576
0,09035	-0,032887
0,0904	-0,03301226
0,09045	-0,03301252
0,0905	-0,03307526
0,09055	-0,03313776
0,0906	-0,03316926
0,09065	-0,03342
0,0907	-0,03356074
0,09075	-0,03360826
0,0908	-0,03379624
0,09085	-0,033812
0,0909	-0,03404676
0,09095	-0,03395324
0,091	-0,0341255
0,09105	-0,034157
0,0911	-0,03412576
0,09115	-0,03429824
0,0912	-0,03426674
0,09125	-0,03425126
0,0913	-0,034392
0,09135	-0,0344395
0,0914	-0,03458024
0,09145	-0,03453326
0,0915	-0,034643
0,09155	-0,03473676
0,0916	-0,0347685
0,09165	-0,03490972
0,0917	-0,03489396
0,09175	-0,03503478
0,0918	-0,03516026
0,09185	-0,03525452
0,0919	-0,03537976
0,09195	-0,0353955
0,092	-0,03548952
0,09205	-0,035521
0,0921	-0,03561526
0,09215	-0,03569302
0,0922	-0,0357405
0,09225	-0,03583426
0,0923	-0,03602252
0,09235	-0,03603878
0,0924	-0,03616402
0,09245	-0,03622652
0,0925	-0,03627378
0,09255	-0,036336
0,0926	-0,03646198
0,09265	-0,03650852
0,0927	-0,0365715
0,09275	-0,03664974
0,0928	-0,03685378
0,09285	-0,03694752
0,0929	-0,03710452
0,09295	-0,03710428
0,093	-0,03712002
0,09305	-0,03726124
0,0931	-0,03726148
0,09315	-0,03748074
0,0932	-0,0375125
0,09325	-0,03744948
0,0933	-0,03770048
0,09335	-0,03773174
0,0934	-0,03785726
0,09345	-0,03784176
0,0935	-0,03787298
0,09355	-0,03807652
0,0936	-0,038045
0,09365	-0,0381235
0,0937	-0,03824926
0,09375	-0,03817076
0,0938	-0,038249
0,09385	-0,03832752
0,0939	-0,0384685
0,09395	-0,03854702
0,094	-0,03859374
0,09405	-0,03865674
0,0941	-0,03860978
0,09415	-0,03875098
0,0942	-0,0389075
0,09425	-0,03898624
0,0943	-0,03911124
0,09435	-0,039174
0,0944	-0,03931526
0,09445	-0,03944028
0,0945	-0,0394565
0,09455	-0,03947226
0,0946	-0,03961328
0,09465	-0,03958174
0,0947	-0,03991102
0,09475	-0,0397695
0,0948	-0,03987924
0,09485	-0,03995826
0,0949	-0,04000448
0,09495	-0,04011476
0,095	-0,04016174
0,09505	-0,04020876
0,0951	-0,0402555
0,09515	-0,04025574
0,0952	-0,04039702
0,09525	-0,040475
0,0953	-0,04063224
0,09535	-0,04071076
0,0954	-0,0407415
0,09545	-0,040773
0,0955	-0,0407725
0,09555	-0,04088276
0,0956	-0,04094576
0,09565	-0,04089902
0,0957	-0,04093024
0,09575	-0,04093
0,0958	-0,0410395
0,09585	-0,04105578
0,0959	-0,04110274
0,09595	-0,04113426
0,096	-0,041118
0,09605	-0,0412595
0,0961	-0,04138476
0,09615	-0,04138474
0,0962	-0,04143174
0,09625	-0,041416
0,0963	-0,0414945
0,09635	-0,04166726
0,0964	-0,04168276
0,09645	-0,04176074
0,0965	-0,0417765
0,09655	-0,04176098
0,0966	-0,04193324
0,09665	-0,04196476
0,0967	-0,04210602
0,09675	-0,04215276
0,0968	-0,04207424
0,09685	-0,04224676
0,0969	-0,04224678
0,09695	-0,04235678
0,097	-0,04240374
0,09705	-0,0424665
0,0971	-0,04262326
0,09715	-0,042639
0,0972	-0,04268602
0,09725	-0,04268602
0,0973	-0,04273278
0,09735	-0,04279576
0,0974	-0,04284276
0,09745	-0,04293674
0,0975	-0,04306226
0,09755	-0,04303124
0,0976	-0,0430775
0,09765	-0,04315626
0,0977	-0,043156
0,09775	-0,0432505
0,0978	-0,04321874
0,09785	-0,04332874
0,0979	-0,04346976
0,09795	-0,04346976
0,098	-0,04350148
0,09805	-0,04354802
0,0981	-0,04362628
0,09815	-0,04367374
0,0982	-0,04372048
0,09825	-0,04376776
0,0983	-0,04379922
0,09835	-0,04390876
0,0984	-0,04395576
0,09845	-0,04395574
0,0985	-0,04415948
0,09855	-0,04412822
0,0986	-0,044254
0,09865	-0,04426926
0,0987	-0,04428528
0,09875	-0,04439476
0,0988	-0,04439476
0,09885	-0,04470802
0,0989	-0,0447555
0,09895	-0,04483378
0,099	-0,04495926
0,09905	-0,04491252
0,0991	-0,04508474
0,09915	-0,04514726
0,0992	-0,045226
0,09925	-0,04519426
0,0993	-0,04530428
0,09935	-0,045398
0,0994	-0,04535124
0,09945	-0,04547674
0,0995	-0,04558674
0,09955	-0,04547674
0,0996	-0,04566502
0,09965	-0,04586878
0,0997	-0,04572776
0,09975	-0,04597852
0,0998	-0,0459785
0,09985	-0,04610372
0,0999	-0,04629198
0,09995	-0,04621348
0,1	-0,046386
0,10005	-0,04626076
0,1001	-0,046292
0,10015	-0,04652724
0,1002	-0,04635474
0,10025	-0,046433
0,1003	-0,04626048
0,10035	-0,04641724
0,1004	-0,04644876
0,10045	-0,04630776
0,1005	-0,04655798
0,10055	-0,04633924
0,1006	-0,04652724
0,10065	-0,04662124
0,1007	-0,04660574
0,10075	-0,04674674
0,1008	-0,04666824
0,10085	-0,0467935
0,1009	-0,046856
0,10095	-0,04690326
0,101	-0,0469195
0,10105	-0,04690352
0,1011	-0,04712278
0,10115	-0,04718526
0,1012	-0,04717002
0,10125	-0,047217
0,1013	-0,047311
0,10135	-0,0474055
0,1014	-0,04740528
0,10145	-0,04745224
0,1015	-0,0475305
0,10155	-0,04762476
0,1016	-0,047703
0,10165	-0,0477815
0,1017	-0,04776524
0,10175	-0,04790702
0,1018	-0,047954
0,10185	-0,047907
0,1019	-0,04801626
0,10195	-0,048095
0,102	-0,04812626
0,10205	-0,04815776
0,1021	-0,04825176
0,10215	-0,0481575
0,1022	-0,0482515
0,10225	-0,04836178
0,1023	-0,04840878
0,10235	-0,04840876
0,1024	-0,04851852
0,10245	-0,04847126
0,1025	-0,04864354
0,10255	-0,04854976
0,1026	-0,04856526
0,10265	-0,04858078
0,1027	-0,04851824
0,10275	-0,04853376
0,1028	-0,04847126
0,10285	-0,04853404
0,1029	-0,048706
0,10295	-0,04862828
0,103	-0,04869102
0,10305	-0,0486595
0,1031	-0,04865928
0,10315	-0,04880026
0,1032	-0,04876928
0,10325	-0,04887898
0,1033	-0,0489415
0,10335	-0,04903574
0,1034	-0,04917674
0,10345	-0,04927074
0,1035	-0,04930224
0,10355	-0,04942752
0,1036	-0,04955298
0,10365	-0,04960024
0,1037	-0,04960022
0,10375	-0,04977276
0,1038	-0,04985074
0,10385	-0,04977224
0,1039	-0,04980424
0,10395	-0,049961
0,104	-0,04991348
0,10405	-0,04989774
0,1041	-0,0499605
0,10415	-0,05000748
0,1042	-0,04999198
0,10425	-0,050055
0,1043	-0,05022724
0,10435	-0,050212
0,1044	-0,05022726
0,10445	-0,05030576
0,1045	-0,0502745
0,10455	-0,05043048
0,1046	-0,05043098
0,10465	-0,05038374
0,1047	-0,0505095
0,10475	-0,05036824
0,1048	-0,0503995
0,10485	-0,0502585
0,1049	-0,0503835
0,10495	-0,05043124
0,105	-0,0505095
0,10505	-0,05058802
0,1051	-0,05061926
0,10515	-0,05061952
0,1052	-0,050776
0,10525	-0,05071376
0,1053	-0,05085452
0,10535	-0,050917
0,1054	-0,05096424
0,10545	-0,05096376
0,1055	-0,05096402
0,10555	-0,05096376
0,1056	-0,05096452
0,10565	-0,05104224
0,1057	-0,05101126
0,10575	-0,0510425
0,1058	-0,05113652
0,10585	-0,05108926
0,1059	-0,05119902
0,10595	-0,05119952
0,106	-0,05126198
0,10605	-0,05118376
0,1061	-0,05126174
0,10615	-0,05135626
0,1062	-0,05134026
0,10625	-0,0514185
0,1063	-0,05134076
0,10635	-0,05143472
0,1064	-0,0513875
0,10645	-0,051466
0,1065	-0,05154424
0,10655	-0,05145024
0,1066	-0,05163798
0,10665	-0,05154426
0,1067	-0,05162274
0,10675	-0,05159122
0,1068	-0,05160674
0,10685	-0,05163824
0,1069	-0,05166924
0,10695	-0,0516225
0,107	-0,05173226
0,10705	-0,05165398
0,1071	-0,05176378
0,10715	-0,05166976
0,1072	-0,05173226
0,10725	-0,05170126
0,1073	-0,05166974
0,10735	-0,051701
0,1074	-0,05163826
0,10745	-0,05179498
0,1075	-0,051779
0,10755	-0,05187352
0,1076	-0,0517635
0,10765	-0,051889
0,1077	-0,05187326
0,10775	-0,05192024
0,1078	-0,0519985
0,10785	-0,0519515
0,1079	-0,05215552
0,10795	-0,05224976
0,108	-0,0523125
0,10805	-0,05240652
0,1081	-0,05223424
0,10815	-0,05245326
0,1082	-0,05240652
0,10825	-0,05251626
0,1083	-0,05253202
0,10835	-0,05246926
0,1084	-0,05261052
0,10845	-0,05257878
0,1085	-0,05261028
0,10855	-0,052579
0,1086	-0,05264148
0,10865	-0,05264174
0,1087	-0,05265752
0,10875	-0,05273624
0,1088	-0,05273576
0,10885	-0,052783
0,1089	-0,05289272
0,10895	-0,05282974
0,109	-0,05303374
0,10905	-0,05300274
0,1091	-0,05297102
0,10915	-0,0530335
0,1092	-0,05295504
0,10925	-0,05297074
0,1093	-0,05293948
0,10935	-0,05301774
0,1094	-0,05286124
0,10945	-0,05290848
0,1095	-0,05300224
0,10955	-0,052971
0,1096	-0,0529865
0,10965	-0,052955
0,1097	-0,05300202
0,10975	-0,05295524
0,1098	-0,0529865
0,10985	-0,05301802
0,1099	-0,05298678
0,10995	-0,05304924
0,11	-0,05306474
0,11005	-0,05304952
0,1101	-0,05304924
0,11015	-0,05309626
0,1102	-0,05309648
0,11025	-0,05298676
0,1103	-0,05304926
0,11035	-0,05309626
0,1104	-0,0531745
0,11045	-0,053206
0,1105	-0,05314376
0,11055	-0,05325298
0,1106	-0,053143
0,11065	-0,0532375
0,1107	-0,05330052
0,11075	-0,05326876
0,1108	-0,05339376
0,11085	-0,05330024
0,1109	-0,05340974
0,11095	-0,05331576
0,111	-0,05340974
0,11105	-0,0534725
0,1111	-0,05330052
0,11115	-0,05336302
0,1112	-0,05330028
0,11125	-0,05330052
0,1113	-0,05325322
0,11135	-0,053206
0,1114	-0,0533
0,11145	-0,05333178
0,1115	-0,05342578
0,11155	-0,05331574
0,1116	-0,05333152
0,11165	-0,053504
0,1117	-0,05337852
0,11175	-0,05350428
0,1118	-0,05337876
0,11185	-0,05337878
0,1119	-0,05345698
0,11195	-0,053441
0,112	-0,05356674
0,11205	-0,053504
0,1121	-0,0534725
0,11215	-0,053457
0,1122	-0,05358202
0,11225	-0,0536135
0,1123	-0,05367626
0,11235	-0,0536765
0,1124	-0,053755
0,11245	-0,05380202
0,1125	-0,05384902
0,11255	-0,05378626
0,1126	-0,0537705
0,11265	-0,05380178
0,1127	-0,05386424
0,11275	-0,0539115
0,1128	-0,05392724
0,11285	-0,05392724
0,1129	-0,05403702
0,11295	-0,05397426
0,113	-0,05400576
0,11305	-0,05414676
0,1131	-0,05405276
0,11315	-0,05411548
0,1132	-0,05408402
0,11325	-0,05420952
0,1133	-0,05419376
0,11335	-0,05419378
0,1134	-0,05435052
0,11345	-0,05447628
0,1135	-0,05442878
0,11355	-0,05441326
0,1136	-0,054335
0,11365	-0,0544285
0,1137	-0,05433502
0,11375	-0,05441352
0,1138	-0,05442878
0,11385	-0,05427174
0,1139	-0,05427228
0,11395	-0,0542095
0,114	-0,05428776
0,11405	-0,05435052
0,1141	-0,05422526
0,11415	-0,054256
0,1142	-0,05428778
0,11425	-0,05430326
0,1143	-0,05436576
0,11435	-0,05428776
0,1144	-0,054272
0,11445	-0,05430326
0,1145	-0,05438202
0,11455	-0,05431926
0,1146	-0,0543505
0,11465	-0,0543345
0,1147	-0,054476
0,11475	-0,054476
0,1148	-0,05442926
0,11485	-0,05446026
0,1149	-0,05450702
0,11495	-0,05452274
0,115	-0,05453874
0,11505	-0,05453876
0,1151	-0,05457002
0,11515	-0,05450724
0,1152	-0,054695
0,11525	-0,05460176
0,1153	-0,05460124
0,11535	-0,05452276
0,1154	-0,05455424
0,11545	-0,0546645
0,1155	-0,05460176
0,11555	-0,05464824
0,1156	-0,054648
0,11565	-0,05475876
0,1157	-0,05471128
0,11575	-0,05464776
0,1158	-0,05475826
0,11585	-0,05467952
0,1159	-0,054727
0,11595	-0,05477376
0,116	-0,05471126
0,11605	-0,05472676
0,1161	-0,05471102
0,11615	-0,05471124
0,1162	-0,05463248
0,11625	-0,05447604
0,1163	-0,054476
0,11635	-0,05436652
0,1164	-0,05453876
0,11645	-0,05449176
0,1165	-0,05446002
0,11655	-0,05442902
0,1166	-0,05446
0,11665	-0,0545855
0,1167	-0,05456974
0,11675	-0,0545855
0,1168	-0,05457002
0,11685	-0,05460128
0,1169	-0,05469524
0,11695	-0,05477422
0,117	-0,05485198
0,11705	-0,05485226
0,1171	-0,05499326
0,11715	-0,05493102
0,1172	-0,05491498
0,11725	-0,05496202
0,1173	-0,0549465
0,11735	-0,05508722
0,1174	-0,054962
0,11745	-0,054993
0,1175	-0,05504024
0,11755	-0,05504024
0,1176	-0,05510324
0,11765	-0,055119
0,1177	-0,055119
0,11775	-0,05518148
0,1178	-0,0552755
0,11785	-0,05530726
0,1179	-0,055213
0,11795	-0,05527572
0,118	-0,05530676
0,11805	-0,05530726
0,1181	-0,05546378
0,11815	-0,05530674
0,1182	-0,055417
0,11825	-0,0553385
0,1183	-0,0553385
0,11835	-0,05525978
0,1184	-0,05507152
0,11845	-0,05521276
0,1185	-0,05519674
0,11855	-0,05516628
0,1186	-0,05508776
0,11865	-0,0551185
0,1187	-0,05516576
0,11875	-0,05516576
0,1188	-0,055213
0,11885	-0,05507174
0,1189	-0,05513502
0,11895	-0,05515024
0,119	-0,05516552
0,11905	-0,05516626
0,1191	-0,05511926
0,11915	-0,05524452
0,1192	-0,0550875
0,11925	-0,05525974
0,1193	-0,0551505
0,11935	-0,05499376
0,1194	-0,05507202
0,11945	-0,05502526
0,1195	-0,05510326
0,11955	-0,05505602
0,1196	-0,05500926
0,11965	-0,05499402
0,1197	-0,0550875
0,11975	-0,05515
0,1198	-0,05507202
0,11985	-0,05507226
0,1199	-0,055166
0,11995	-0,055119
0,12	-0,05515028
0,12005	-0,0551345
0,1201	-0,05515052
0,12015	-0,05524426
0,1202	-0,05521326
0,12025	-0,05526026
0,1203	-0,05522878
0,12035	-0,0552445
0,1204	-0,05516602
0,12045	-0,055323
0,1205	-0,0553065
0,12055	-0,05526
0,1206	-0,05526024
0,12065	-0,05521302
0,1207	-0,05516552
0,12075	-0,05527598
0,1208	-0,05521326
0,12085	-0,0551975
0,1209	-0,05516626
0,12095	-0,055354
0,121	-0,05514998
0,12105	-0,05521274
0,1211	-0,05519726
0,12115	-0,05515002
0,1212	-0,05519724
0,12125	-0,05513502
0,1213	-0,05522852
0,12135	-0,05516626
0,1214	-0,05522876
0,12145	-0,05515026
0,1215	-0,05530674
0,12155	-0,0554165
0,1216	-0,05549498
0,12165	-0,05544798
0,1217	-0,055495
0,12175	-0,055542
0,1218	-0,05544826
0,12185	-0,0554795
0,1219	-0,0554795
0,12195	-0,055464
0,122	-0,05562074
0,12205	-0,05560476
0,1221	-0,05552624
0,12215	-0,05551074
0,1222	-0,05560448
0,12225	-0,05560474
0,1223	-0,05558926
0,12235	-0,0556205
0,1224	-0,05546402
0,12245	-0,05554226
0,1225	-0,05563622
0,12255	-0,05566776
0,1226	-0,05571476
0,12265	-0,05568324
0,1227	-0,0556675
0,12275	-0,055652
0,1228	-0,05566776
0,12285	-0,05566778
0,1229	-0,05547952
0,12295	-0,05537002
0,123	-0,0554165
0,12305	-0,05546374
0,1231	-0,05543224
0,12315	-0,05536974
0,1232	-0,05541674
0,12325	-0,0553225
0,1233	-0,05538526
0,12335	-0,05538524
0,1234	-0,05541652
0,12345	-0,05532252
0,1235	-0,05536948
0,12355	-0,05527552
0,1236	-0,05529098
0,12365	-0,05527552
0,1237	-0,05533852
0,12375	-0,05530724
0,1238	-0,05524452
0,12385	-0,05521276
0,1239	-0,05532274
0,12395	-0,05522876
0,124	-0,05522852
0,12405	-0,05526026
0,1241	-0,0552605
0,12415	-0,0551345
0,1242	-0,0552445
0,12425	-0,055244
0,1243	-0,05538576
0,12435	-0,05533824
0,1244	-0,0551505
0,12445	-0,05519726
0,1245	-0,05536974
0,12455	-0,05513476
0,1246	-0,05522876
0,12465	-0,05514974
0,1247	-0,05533824
0,12475	-0,0553385
0,1248	-0,0552445
0,12485	-0,05527552
0,1249	-0,05515024
0,12495	-0,05535428
0,125	-0,055307
0,12505	-0,05532278
0,1251	-0,05527548
0,12515	-0,05526
0,1252	-0,05532274
0,12525	-0,05526024
0,1253	-0,05527576
0,12535	-0,05522824
0,1254	-0,05516574
0,12545	-0,05518154
0,1255	-0,05524452
0,12555	-0,05513424
0,1256	-0,05515026
0,12565	-0,05508726
0,1257	-0,05515026
0,12575	-0,05513452
0,1258	-0,055166
0,12585	-0,05518124
0,1259	-0,0551505
0,12595	-0,05516578
0,126	-0,05529148
0,12605	-0,05526
0,1261	-0,05555826
0,12615	-0,0554795
0,1262	-0,05551076
0,12625	-0,05551078
0,1263	-0,05546402
0,12635	-0,0555895
0,1264	-0,0554795
0,12645	-0,05544798
0,1265	-0,0555425
0,12655	-0,05552678
0,1266	-0,05558902
0,12665	-0,0555265
0,1267	-0,055495
0,12675	-0,05557326
0,1268	-0,055605
0,12685	-0,05563574
0,1269	-0,055683
0,12695	-0,05558952
0,127	-0,05558926
0,12705	-0,05565176
0,1271	-0,05566776
0,12715	-0,05569926
0,1272	-0,0556835
0,12725	-0,055652
0,1273	-0,0555735
0,12735	-0,055589
0,1274	-0,05555774
0,12745	-0,05543274
0,1275	-0,05541676
0,12755	-0,05533852
0,1276	-0,05536924
0,12765	-0,05532274
0,1277	-0,05525952
0,12775	-0,055276
0,1278	-0,05524474
0,12785	-0,05530702
0,1279	-0,05524448
0,12795	-0,0552285
0,128	-0,05529102
0,12805	-0,0553385
0,1281	-0,05529124
0,12815	-0,05522876
0,1282	-0,05524426
0,12825	-0,0552915
0,1283	-0,05524452
0,12835	-0,055213
0,1284	-0,05511926
0,12845	-0,05522874
0,1285	-0,0552445
0,12855	-0,055213
0,1286	-0,0551815
0,12865	-0,05515052
0,1287	-0,0551815
0,12875	-0,05529126
0,1288	-0,0551975
0,12885	-0,055213
0,1289	-0,05524448
0,12895	-0,05519702
0,129	-0,05524424
0,12905	-0,055213
0,1291	-0,05513502
0,12915	-0,0550875
0,1292	-0,055166
0,12925	-0,05524426
0,1293	-0,05530726
0,12935	-0,05519698
0,1294	-0,05519726
0,12945	-0,05510274
0,1295	-0,05514998
0,12955	-0,0552445
0,1296	-0,0552755
0,12965	-0,05518148
0,1297	-0,05513448
0,12975	-0,055166
0,1298	-0,0551815
0,12985	-0,05510324
0,1299	-0,05508752
0,12995	-0,0550875
0,13	-0,05494652
0,13005	-0,05507176
0,1301	-0,05500926
0,13015	-0,05504024
0,1302	-0,054962
0,13025	-0,05504076
0,1303	-0,05507226
0,13035	-0,0549935
0,1304	-0,05497776
0,13045	-0,05504024
0,1305	-0,0550405
0,13055	-0,05515026
0,1306	-0,05527578
0,13065	-0,05547928
0,1307	-0,05529178
0,13075	-0,05527572
0,1308	-0,05536974
0,13085	-0,05544798
0,1309	-0,0554635
0,13095	-0,0553225
0,131	-0,05536974
0,13105	-0,05536976
0,1311	-0,05536976
0,13115	-0,05538576
0,1312	-0,05544824
0,13125	-0,05548
0,1313	-0,05543274
0,13135	-0,05549526
0,1314	-0,05546398
0,13145	-0,05543274
0,1315	-0,05549528
0,13155	-0,05546374
0,1316	-0,05554224
0,13165	-0,055605
0,1317	-0,05563598
0,13175	-0,05557402
0,1318	-0,05549524
0,13185	-0,05543226
0,1319	-0,05547948
0,13195	-0,05541676
0,132	-0,05527574
0,13205	-0,05527578
0,1321	-0,05524428
0,13215	-0,055166
0,1322	-0,05532252
0,13225	-0,05527576
0,1323	-0,05527548
0,13235	-0,05521274
0,1324	-0,0550405
0,13245	-0,05519774
0,1325	-0,05518176
0,13255	-0,0551505
0,1326	-0,05525974
0,13265	-0,0550715
0,1327	-0,05519724
0,13275	-0,05524448
0,1328	-0,05519726
0,13285	-0,05516576
0,1329	-0,05508774
0,13295	-0,05504026
0,133	-0,055119
0,13305	-0,055276
0,1331	-0,05522852
0,13315	-0,055166
0,1332	-0,05510324
0,13325	-0,055166
0,1333	-0,05518174
0,13335	-0,05516628
0,1334	-0,05497724
0,13345	-0,0550875
0,1335	-0,05513424
0,13355	-0,05510326
0,1336	-0,05510326
0,13365	-0,05503974
0,1337	-0,055009
0,13375	-0,055072
0,1338	-0,055166
0,13385	-0,05526026
0,1339	-0,0551035
0,13395	-0,05507202
0,134	-0,05518152
0,13405	-0,05513452
0,1341	-0,05519752
0,13415	-0,05500876
0,1342	-0,055009
0,13425	-0,05505626
0,1343	-0,05502474
0,13435	-0,05507174
0,1344	-0,05507202
0,13445	-0,055009
0,1345	-0,055056
0,13455	-0,054915
0,1346	-0,05504024
0,13465	-0,05499326
0,1347	-0,05486774
0,13475	-0,05505602
0,1348	-0,05486776
0,13485	-0,05497776
0,1349	-0,0549935
0,13495	-0,05497774
0,135	-0,0549465
0,13505	-0,05493048
0,1351	-0,05515026
0,13515	-0,05521274
0,1352	-0,05516578
0,13525	-0,055213
0,1353	-0,05508724
0,13535	-0,0552755
0,1354	-0,05522876
0,13545	-0,0552755
0,1355	-0,055197
0,13555	-0,05511878
0,1356	-0,0552915
0,13565	-0,05518152
0,1357	-0,0552755
0,13575	-0,05525974
0,1358	-0,05510324
0,13585	-0,05518124
0,1359	-0,05515024
0,13595	-0,05524452
0,136	-0,05515026
0,13605	-0,05507176
0,1361	-0,0553075
0,13615	-0,05515
0,1362	-0,0551815
0,13625	-0,05524426
0,1363	-0,05516626
0,13635	-0,05526026
0,1364	-0,05511876
0,13645	-0,0551345
0,1365	-0,0550245
0,13655	-0,054915
0,1366	-0,05499374
0,13665	-0,054899
0,1367	-0,054852
0,13675	-0,05494626
0,1368	-0,05486776
0,13685	-0,05494626
0,1369	-0,05493076
0,13695	-0,05491476
0,137	-0,055009
0,13705	-0,054915
0,1371	-0,05496176
0,13715	-0,05499326
0,1372	-0,054821
0,13725	-0,05499376
0,1373	-0,0549
0,13735	-0,0549935
0,1374	-0,054962
0,13745	-0,0547895
0,1375	-0,0549305
0,13755	-0,05489952
0,1376	-0,054978
0,13765	-0,0549305
0,1377	-0,05467976
0,13775	-0,054899
0,1378	-0,05477398
0,13785	-0,0548835
0,1379	-0,0547735
0,13795	-0,05480574
0,138	-0,05491498
0,13805	-0,05471076
0,1381	-0,05478926
0,13815	-0,05494624
0,1382	-0,05474224
0,13825	-0,054868
0,1383	-0,05482102
0,13835	-0,05499352
0,1384	-0,054868
0,13845	-0,0547895
0,1385	-0,05486776
0,13855	-0,05474224
0,1386	-0,0548365
0,13865	-0,0548525
0,1387	-0,0547115
0,13875	-0,05488426
0,1388	-0,05477378
0,13885	-0,054821
0,1389	-0,0547115
0,13895	-0,05474226
0,139	-0,05477378
0,13905	-0,054696
0,1391	-0,05461724
0,13915	-0,05469526
0,1392	-0,05472726
0,13925	-0,05466402
0,1393	-0,05475826
0,13935	-0,0545855
0,1394	-0,05464824
0,13945	-0,05457
0,1395	-0,05447576
0,13955	-0,05474274
0,1396	-0,05463276
0,13965	-0,054727
0,1397	-0,05479002
0,13975	-0,054915
0,1398	-0,05493026
0,13985	-0,05482074
0,1399	-0,05496176
0,13995	-0,05488376
0,14	-0,05496198
0,14005	-0,05496226
0,1401	-0,05485226
0,14015	-0,054915
0,1402	-0,0549935
0,14025	-0,05488376
0,1403	-0,05499348
0,14035	-0,05482076
0,1404	-0,0549465
0,14045	-0,0548525
0,1405	-0,05480522
0,14055	-0,05493072
0,1406	-0,05475852
0,14065	-0,05494624
0,1407	-0,0547895
0,14075	-0,0548835
0,1408	-0,05489974
0,14085	-0,05486802
0,1409	-0,0548365
0,14095	-0,0547265
0,141	-0,0546485
0,14105	-0,0546325
0,1411	-0,05457002
0,14115	-0,05458552
0,1412	-0,05444452
0,14125	-0,05450726
0,1413	-0,05439726
0,14135	-0,054476
0,1414	-0,05447576
0,14145	-0,05438152
0,1415	-0,05444452
0,14155	-0,054476
0,1416	-0,054429
0,14165	-0,05447602
0,1417	-0,05435026
0,14175	-0,05442902
0,1418	-0,05444474
0,14185	-0,05447576
0,1419	-0,05438152
0,14195	-0,05442876
0,142	-0,05424076
0,14205	-0,05436576
0,1421	-0,05441326
0,14215	-0,05431928
0,1422	-0,05441298
0,14225	-0,05431902
0,1423	-0,05433474
0,14235	-0,05442878
0,1424	-0,054429
0,14245	-0,0544285
0,1425	-0,05435052
0,14255	-0,05436602
0,1426	-0,05433478
0,14265	-0,0543505
0,1427	-0,05428776
0,14275	-0,0542405
0,1428	-0,05439778
0,14285	-0,05436602
0,1429	-0,05439774
0,14295	-0,05438176
0,143	-0,05431902
0,14305	-0,05439748
0,1431	-0,05441324
0,14315	-0,05436624
0,1432	-0,05433502
0,14325	-0,05430376
0,1433	-0,05436624
0,14335	-0,05427176
0,1434	-0,05427202
0,14345	-0,0542875
0,1435	-0,05413102
0,14355	-0,05420926
0,1436	-0,05417828
0,14365	-0,05413126
0,1437	-0,05419326
0,14375	-0,0541
0,1438	-0,05427224
0,14385	-0,054131
0,1439	-0,05413102
0,14395	-0,05408404
0,144	-0,05409978
0,14405	-0,0541465
0,1441	-0,05420926
0,14415	-0,05430376
0,1442	-0,05433476
0,14425	-0,05430376
0,1443	-0,05444476
0,14435	-0,05439752
0,1444	-0,05442876
0,14445	-0,054366
0,1445	-0,0542405
0,14455	-0,05435028
0,1446	-0,054319
0,14465	-0,05433528
0,1447	-0,05428778
0,14475	-0,05441352
0,1448	-0,054351
0,14485	-0,05439726
0,1449	-0,05433476
0,14495	-0,05439776
0,145	-0,05433476
0,14505	-0,05442876
0,1451	-0,05431898
0,14515	-0,05441326
0,1452	-0,05441326
0,14525	-0,05442874
0,1453	-0,05444452
0,14535	-0,05446028
0,1454	-0,05433476
0,14545	-0,054382
0,1455	-0,05424076
0,14555	-0,05417826
0,1456	-0,05414674
0,14565	-0,05419352
0,1457	-0,05411498
0,14575	-0,05394304
0,1458	-0,05403702
0,14585	-0,05405248
0,1459	-0,05398974
0,14595	-0,05405246
0,146	-0,05395854
0,14605	-0,054037
0,1461	-0,05403674
0,14615	-0,05402126
0,1462	-0,05408426
0,14625	-0,05397428
0,1463	-0,05398998
0,14635	-0,05395848
0,1464	-0,05408428
0,14645	-0,05400526
0,1465	-0,05388026
0,14655	-0,05394298
0,1466	-0,05402152
0,14665	-0,053974
0,1467	-0,0540215
0,14675	-0,05383328
0,1468	-0,05391174
0,14685	-0,05394302
0,1469	-0,05399004
0,14695	-0,05400552
0,147	-0,05388026
0,14705	-0,05389626
0,1471	-0,05394326
0,14715	-0,0540055
0,1472	-0,05383304
0,14725	-0,0539585
0,1473	-0,05386476
0,14735	-0,05391154
0,1474	-0,05392752
0,14745	-0,05391152
0,1475	-0,05392728
0,14755	-0,053833
0,1476	-0,05394326
0,14765	-0,05386474
0,1477	-0,05384878
0,14775	-0,05386452
0,1478	-0,05378626
0,14785	-0,05394302
0,1479	-0,05395878
0,14795	-0,05394276
0,148	-0,05391154
0,14805	-0,05378626
0,1481	-0,0539115
0,14815	-0,05384902
0,1482	-0,05372354
0,14825	-0,05383352
0,1483	-0,05380176
0,14835	-0,05383302
0,1484	-0,0537235
0,14845	-0,05377052
0,1485	-0,05377078
0,14855	-0,053708
0,1486	-0,053896
0,14865	-0,05386448
0,1487	-0,0540055
0,14875	-0,05386452
0,1488	-0,05403702
0,14885	-0,05416226
0,1489	-0,05403676
0,14895	-0,05402126
0,149	-0,05400576
0,14905	-0,054084
0,1491	-0,05411548
0,14915	-0,05403702
0,1492	-0,05406802
0,14925	-0,0539585
0,1493	-0,05413076
0,14935	-0,0541
0,1494	-0,05406852
0,14945	-0,05403678
0,1495	-0,0539428
0,14955	-0,053943
0,1496	-0,05402102
0,14965	-0,05406852
0,1497	-0,05398998
0,14975	-0,05408376
0,1498	-0,05411526
0,14985	-0,0541155
0,1499	-0,0540685
0,14995	-0,05397426
