0	-0,0538958
0,00005	-0,0539586
0,0001	-0,053786
0,00015	-0,0537862
0,0002	-0,0538802
0,00025	-0,0537862
0,0003	-0,0538174
0,00035	-0,0539114
0,0004	-0,0538174
0,00045	-0,0538646
0,0005	-0,0539586
0,00055	-0,0539744
0,0006	-0,054037
0,00065	-0,05399
0,0007	-0,0542722
0,00075	-0,0539584
0,0008	-0,05399
0,00085	-0,054037
0,0009	-0,0540526
0,00095	-0,0542096
0,001	-0,0539902
0,00105	-0,0540368
0,0011	-0,0541466
0,00115	-0,053896
0,0012	-0,0542252
0,00125	-0,0539898
0,0013	-0,0540682
0,00135	-0,054084
0,0014	-0,0538646
0,00145	-0,0541468
0,0015	-0,0539114
0,00155	-0,054037
0,0016	-0,0539118
0,00165	-0,0539118
0,0017	-0,054037
0,00175	-0,0539744
0,0018	-0,0539428
0,00185	-0,0538958
0,0019	-0,053849
0,00195	-0,053943
0,002	-0,0538176
0,00205	-0,053896
0,0021	-0,053896
0,00215	-0,0538804
0,0022	-0,053786
0,00225	-0,0538332
0,0023	-0,05388
0,00235	-0,053927
0,0024	-0,0539272
0,00245	-0,05388
0,0025	-0,053849
0,00255	-0,0538174
0,0026	-0,0540058
0,00265	-0,053943
0,0027	-0,053896
0,00275	-0,0540056
0,0028	-0,0538646
0,00285	-0,054131
0,0029	-0,0538802
0,00295	-0,053943
0,003	-0,053943
0,00305	-0,0538332
0,0031	-0,0538332
0,00315	-0,0537704
0,0032	-0,053943
0,00325	-0,0538174
0,0033	-0,0536922
0,00335	-0,0539272
0,0034	-0,053692
0,00345	-0,0538174
0,0035	-0,0537392
0,00355	-0,0536764
0,0036	-0,0536612
0,00365	-0,0535352
0,0037	-0,053661
0,00375	-0,0536764
0,0038	-0,053598
0,00385	-0,053504
0,0039	-0,0533784
0,00395	-0,0535354
0,004	-0,053504
0,00405	-0,053504
0,0041	-0,0534256
0,00415	-0,05341
0,0042	-0,0534256
0,00425	-0,0533316
0,0043	-0,0533472
0,00435	-0,0533786
0,0044	-0,0533628
0,00445	-0,053253
0,0045	-0,0534412
0,00455	-0,0533316
0,0046	-0,0533472
0,00465	-0,0533002
0,0047	-0,0532844
0,00475	-0,05341
0,0048	-0,053363
0,00485	-0,0533784
0,0049	-0,0534098
0,00495	-0,0533628
0,005	-0,053504
0,00505	-0,0534884
0,0051	-0,053598
0,00515	-0,0536454
0,0052	-0,0536138
0,00525	-0,0536924
0,0053	-0,0537236
0,00535	-0,0537704
0,0054	-0,0537392
0,00545	-0,0536764
0,0055	-0,053692
0,00555	-0,0536764
0,0056	-0,0536608
0,00565	-0,053692
0,0057	-0,0537078
0,00575	-0,053708
0,0058	-0,0536766
0,00585	-0,0537078
0,0059	-0,0536608
0,00595	-0,0536608
0,006	-0,053692
0,00605	-0,0535982
0,0061	-0,0536138
0,00615	-0,0536448
0,0062	-0,0536138
0,00625	-0,053786
0,0063	-0,053614
0,00635	-0,0534884
0,0064	-0,053551
0,00645	-0,053551
0,0065	-0,053645
0,00655	-0,0534726
0,0066	-0,0535352
0,00665	-0,0536136
0,0067	-0,0536762
0,00675	-0,0537548
0,0068	-0,0535824
0,00685	-0,0536454
0,0069	-0,0536292
0,00695	-0,0535666
0,007	-0,0535824
0,00705	-0,0535042
0,0071	-0,0535352
0,00715	-0,0535664
0,0072	-0,0535668
0,00725	-0,0536452
0,0073	-0,0535666
0,00735	-0,053457
0,0074	-0,0535822
0,00745	-0,0535038
0,0075	-0,0535982
0,00755	-0,0535352
0,0076	-0,0535512
0,00765	-0,0535196
0,0077	-0,0534098
0,00775	-0,053551
0,0078	-0,0534882
0,00785	-0,05341
0,0079	-0,053347
0,00795	-0,05341
0,008	-0,0533474
0,00805	-0,0533002
0,0081	-0,0531122
0,00815	-0,0532532
0,0082	-0,0531434
0,00825	-0,0530492
0,0083	-0,0531278
0,00835	-0,0531276
0,0084	-0,053159
0,00845	-0,0530336
0,0085	-0,0530806
0,00855	-0,0532062
0,0086	-0,053065
0,00865	-0,053065
0,0087	-0,053002
0,00875	-0,0531118
0,0088	-0,0529238
0,00885	-0,0529552
0,0089	-0,0530178
0,00895	-0,0529712
0,009	-0,0530652
0,00905	-0,0528454
0,0091	-0,0529866
0,00915	-0,0529552
0,0092	-0,0529708
0,00925	-0,052861
0,0093	-0,0528298
0,00935	-0,0529082
0,0094	-0,0529082
0,00945	-0,0529552
0,0095	-0,0530336
0,00955	-0,053018
0,0096	-0,0530962
0,00965	-0,0530808
0,0097	-0,0532218
0,00975	-0,0531434
0,0098	-0,053159
0,00985	-0,053253
0,0099	-0,0531904
0,00995	-0,0532846
0,01	-0,0532218
0,01005	-0,0533002
0,0101	-0,0531434
0,01015	-0,0532376
0,0102	-0,0533628
0,01025	-0,053206
0,0103	-0,0533158
0,01035	-0,0531902
0,0104	-0,053206
0,01045	-0,0532532
0,0105	-0,0531748
0,01055	-0,0533002
0,0106	-0,053222
0,01065	-0,0532532
0,0107	-0,0532216
0,01075	-0,0533156
0,0108	-0,0532374
0,01085	-0,0531434
0,0109	-0,0530964
0,01095	-0,0531122
0,011	-0,0531746
0,01105	-0,0531276
0,0111	-0,053018
0,01115	-0,0530806
0,0112	-0,0530338
0,01125	-0,0531122
0,0113	-0,0531434
0,01135	-0,0531118
0,0114	-0,053018
0,01145	-0,0529864
0,0115	-0,0531432
0,01155	-0,053018
0,0116	-0,053018
0,01165	-0,053065
0,0117	-0,0529082
0,01175	-0,0530648
0,0118	-0,0530178
0,01185	-0,0530492
0,0119	-0,0529864
0,01195	-0,0529238
0,012	-0,0530964
0,01205	-0,052971
0,0121	-0,0530334
0,01215	-0,0529238
0,0122	-0,0530178
0,01225	-0,053018
0,0123	-0,0529866
0,01235	-0,0530492
0,0124	-0,0530024
0,01245	-0,0530494
0,0125	-0,0529394
0,01255	-0,0529396
0,0126	-0,0528924
0,01265	-0,052877
0,0127	-0,0528298
0,01275	-0,052814
0,0128	-0,0529238
0,01285	-0,0528926
0,0129	-0,0527826
0,01295	-0,0528924
0,013	-0,0527672
0,01305	-0,0528142
0,0131	-0,052767
0,01315	-0,052861
0,0132	-0,052924
0,01325	-0,0528926
0,0133	-0,0528612
0,01335	-0,052861
0,0134	-0,0528138
0,01345	-0,052767
0,0135	-0,0527984
0,01355	-0,0528142
0,0136	-0,0527514
0,01365	-0,0527828
0,0137	-0,0527514
0,01375	-0,0527828
0,0138	-0,0528612
0,01385	-0,052814
0,0139	-0,052861
0,01395	-0,0527826
0,014	-0,0528294
0,01405	-0,0527986
0,0141	-0,0528768
0,01415	-0,052767
0,0142	-0,0528142
0,01425	-0,0530022
0,0143	-0,0529394
0,01435	-0,0529552
0,0144	-0,0529866
0,01445	-0,052908
0,0145	-0,0530024
0,01455	-0,0529238
0,0146	-0,0531434
0,01465	-0,0529866
0,0147	-0,0530808
0,01475	-0,0530494
0,0148	-0,0529396
0,01485	-0,053112
0,0149	-0,0529864
0,01495	-0,053206
0,015	-0,0530024
0,01505	-0,0530964
0,0151	-0,0530648
0,01515	-0,0529712
0,0152	-0,0530808
0,01525	-0,0529082
0,0153	-0,0529554
0,01535	-0,053018
0,0154	-0,0530494
0,01545	-0,0531746
0,0155	-0,0528768
0,01555	-0,0530334
0,0156	-0,0529552
0,01565	-0,0529864
0,0157	-0,0530964
0,01575	-0,0529396
0,0158	-0,0530338
0,01585	-0,0528454
0,0159	-0,0529868
0,01595	-0,053002
0,016	-0,052877
0,01605	-0,0528926
0,0161	-0,0529394
0,01615	-0,052814
0,0162	-0,0527984
0,01625	-0,052861
0,0163	-0,0526728
0,01635	-0,0527984
0,0164	-0,0527826
0,01645	-0,052626
0,0165	-0,052814
0,01655	-0,052814
0,0166	-0,0528298
0,01665	-0,0527826
0,0167	-0,0527358
0,01675	-0,052767
0,0168	-0,0527044
0,01685	-0,0526574
0,0169	-0,0525944
0,01695	-0,0525476
0,017	-0,0525474
0,01705	-0,0524536
0,0171	-0,0525162
0,01715	-0,0523438
0,0172	-0,0523752
0,01725	-0,0524376
0,0173	-0,0523282
0,01735	-0,0525476
0,0174	-0,052391
0,01745	-0,0525788
0,0175	-0,0524222
0,01755	-0,0524222
0,0176	-0,0525004
0,01765	-0,052438
0,0177	-0,0524376
0,01775	-0,052422
0,0178	-0,0523282
0,01785	-0,052422
0,0179	-0,05214
0,01795	-0,0523438
0,018	-0,0524064
0,01805	-0,0522652
0,0181	-0,052391
0,01815	-0,0523282
0,0182	-0,0523438
0,01825	-0,0523438
0,0183	-0,0523124
0,01835	-0,0523596
0,0184	-0,0522968
0,01845	-0,0522654
0,0185	-0,052328
0,01855	-0,0523438
0,0186	-0,0523122
0,01865	-0,0523122
0,0187	-0,0524378
0,01875	-0,052532
0,0188	-0,0524376
0,01885	-0,0525786
0,0189	-0,052626
0,01895	-0,0526572
0,019	-0,0526888
0,01905	-0,052626
0,0191	-0,0527042
0,01915	-0,0526414
0,0192	-0,0526104
0,01925	-0,0527198
0,0193	-0,0526574
0,01935	-0,052673
0,0194	-0,0526414
0,01945	-0,0527044
0,0195	-0,0526414
0,01955	-0,0525788
0,0196	-0,0526416
0,01965	-0,0527356
0,0197	-0,0526104
0,01975	-0,0526728
0,0198	-0,0527358
0,01985	-0,0525788
0,0199	-0,05272
0,01995	-0,0525318
0,02	-0,0526262
0,02005	-0,052626
0,0201	-0,0525474
0,02015	-0,0526416
0,0202	-0,052532
0,02025	-0,052532
0,0203	-0,0525004
0,02035	-0,0525788
0,0204	-0,0525944
0,02045	-0,0525164
0,0205	-0,0524692
0,02055	-0,052375
0,0206	-0,0524376
0,02065	-0,0525474
0,0207	-0,0523752
0,02075	-0,0524848
0,0208	-0,0524848
0,02085	-0,0524692
0,0209	-0,0524848
0,02095	-0,0523908
0,021	-0,0523126
0,02105	-0,0524536
0,0211	-0,052422
0,02115	-0,052516
0,0212	-0,0523594
0,02125	-0,0523278
0,0213	-0,0525004
0,02135	-0,0524692
0,0214	-0,0524222
0,02145	-0,0523594
0,0215	-0,0522812
0,02155	-0,052375
0,0216	-0,05214
0,02165	-0,0523126
0,0217	-0,0522186
0,02175	-0,052093
0,0218	-0,052328
0,02185	-0,0521244
0,0219	-0,0522184
0,02195	-0,0521086
0,022	-0,0521086
0,02205	-0,052187
0,0221	-0,0519674
0,02215	-0,0520772
0,0222	-0,0520614
0,02225	-0,0521868
0,0223	-0,0521398
0,02235	-0,0519048
0,0224	-0,0521086
0,02245	-0,05203
0,0225	-0,0520304
0,02255	-0,052046
0,0226	-0,0519988
0,02265	-0,0519204
0,0227	-0,0520614
0,02275	-0,0519988
0,0228	-0,052046
0,02285	-0,0518422
0,0229	-0,0519518
0,02295	-0,052046
0,023	-0,0519676
0,02305	-0,0519518
0,0231	-0,0518422
0,02315	-0,0519204
0,0232	-0,052093
0,02325	-0,0519676
0,0233	-0,0521244
0,02335	-0,0522184
0,0234	-0,0522184
0,02345	-0,052281
0,0235	-0,0522026
0,02355	-0,0524378
0,0236	-0,0523126
0,02365	-0,0521554
0,0237	-0,0522812
0,02375	-0,0522184
0,0238	-0,0523282
0,02385	-0,0524066
0,0239	-0,0523592
0,02395	-0,0524376
0,024	-0,0522028
0,02405	-0,0523752
0,0241	-0,0523906
0,02415	-0,0523282
0,0242	-0,0524064
0,02425	-0,0522028
0,0243	-0,0523908
0,02435	-0,0521712
0,0244	-0,0522654
0,02445	-0,052281
0,0245	-0,0522026
0,02455	-0,0522654
0,0246	-0,05214
0,02465	-0,0522028
0,0247	-0,0523124
0,02475	-0,0520772
0,0248	-0,0521714
0,02485	-0,052187
0,0249	-0,0521086
0,02495	-0,05214
0,025	-0,0520146
0,02505	-0,0520616
0,0251	-0,0521086
0,02515	-0,0519988
0,0252	-0,05214
0,02525	-0,0520618
0,0253	-0,0520144
0,02535	-0,0521556
0,0254	-0,0519674
0,02545	-0,0519834
0,0255	-0,0519832
0,02555	-0,0520772
0,0256	-0,0520772
0,02565	-0,0519204
0,0257	-0,0520302
0,02575	-0,051999
0,0258	-0,0519362
0,02585	-0,052046
0,0259	-0,0518266
0,02595	-0,0520304
0,026	-0,0518736
0,02605	-0,0518894
0,0261	-0,0519204
0,02615	-0,0517326
0,0262	-0,051842
0,02625	-0,051654
0,0263	-0,051748
0,02635	-0,051842
0,0264	-0,051607
0,02645	-0,051795
0,0265	-0,0516538
0,02655	-0,0517482
0,0266	-0,0517638
0,02665	-0,051701
0,0267	-0,051701
0,02675	-0,0517324
0,0268	-0,0517008
0,02685	-0,0517322
0,0269	-0,0517324
0,02695	-0,0516542
0,027	-0,0517168
0,02705	-0,0515912
0,0271	-0,0516854
0,02715	-0,0516382
0,0272	-0,0516382
0,02725	-0,0516696
0,0273	-0,0516384
0,02735	-0,0517482
0,0274	-0,0516854
0,02745	-0,051607
0,0275	-0,0517794
0,02755	-0,0515128
0,0276	-0,0517324
0,02765	-0,0516226
0,0277	-0,051811
0,02775	-0,051952
0,0278	-0,051748
0,02785	-0,0518734
0,0279	-0,0517638
0,02795	-0,051952
0,028	-0,0520458
0,02805	-0,0518106
0,0281	-0,0519518
0,02815	-0,0519204
0,0282	-0,0519676
0,02825	-0,0519832
0,0283	-0,0518734
0,02835	-0,0520302
0,0284	-0,0518892
0,02845	-0,0519048
0,0285	-0,051936
0,02855	-0,0517948
0,0286	-0,0518264
0,02865	-0,0518736
0,0287	-0,051842
0,02875	-0,0519202
0,0288	-0,0518264
0,02885	-0,0518264
0,0289	-0,0518578
0,02895	-0,0517168
0,029	-0,0519204
0,02905	-0,0518424
0,0291	-0,051936
0,02915	-0,0518578
0,0292	-0,051701
0,02925	-0,0519518
0,0293	-0,0518422
0,02935	-0,051936
0,0294	-0,0518576
0,02945	-0,051748
0,0295	-0,0519362
0,02955	-0,0517324
0,0296	-0,0518576
0,02965	-0,051842
0,0297	-0,0517796
0,02975	-0,051999
0,0298	-0,0517796
0,02985	-0,0519046
0,0299	-0,0518736
0,02995	-0,0518108
0,03	-0,051889
0,03005	-0,0516542
0,0301	-0,0517794
0,03015	-0,051795
0,0302	-0,051795
0,03025	-0,0517482
0,0303	-0,0516384
0,03035	-0,0516226
0,0304	-0,0516854
0,03045	-0,0515442
0,0305	-0,05156
0,03055	-0,0516538
0,0306	-0,051513
0,03065	-0,0516382
0,0307	-0,051544
0,03075	-0,0515284
0,0308	-0,0515284
0,03085	-0,0512934
0,0309	-0,0514656
0,03095	-0,0514186
0,031	-0,0514188
0,03105	-0,0514502
0,0311	-0,0512618
0,03115	-0,0515756
0,0312	-0,0513404
0,03125	-0,0515442
0,0313	-0,0515128
0,03135	-0,051356
0,0314	-0,0515912
0,03145	-0,0514344
0,0315	-0,051513
0,03155	-0,0515284
0,0316	-0,0513246
0,03165	-0,0514972
0,0317	-0,0513716
0,03175	-0,0516382
0,0318	-0,051607
0,03185	-0,0514344
0,0319	-0,0515756
0,03195	-0,0514346
0,032	-0,0515598
0,03205	-0,0515912
0,0321	-0,0514972
0,03215	-0,051513
0,0322	-0,051591
0,03225	-0,051701
0,0323	-0,0517636
0,03235	-0,0516852
0,0324	-0,0517638
0,03245	-0,0517168
0,0325	-0,0517324
0,03255	-0,0518418
0,0326	-0,0516696
0,03265	-0,0517324
0,0327	-0,0517796
0,03275	-0,0516384
0,0328	-0,0518578
0,03285	-0,051701
0,0329	-0,0516224
0,03295	-0,051607
0,033	-0,0514032
0,03305	-0,0516694
0,0331	-0,0514972
0,03315	-0,05156
0,0332	-0,0516694
0,03325	-0,0514188
0,0333	-0,0515912
0,03335	-0,0514344
0,0334	-0,05156
0,03345	-0,0515756
0,0335	-0,051356
0,03355	-0,0515286
0,0336	-0,0513248
0,03365	-0,0514032
0,0337	-0,0514656
0,03375	-0,0513562
0,0338	-0,0514658
0,03385	-0,0512776
0,0339	-0,0514972
0,03395	-0,0514658
0,034	-0,0513874
0,03405	-0,051403
0,0341	-0,0513404
0,03415	-0,0515442
0,0342	-0,0513718
0,03425	-0,0514656
0,0343	-0,0514346
0,03435	-0,051309
0,0344	-0,0513716
0,03445	-0,0514816
0,0345	-0,0513876
0,03455	-0,0513092
0,0346	-0,05145
0,03465	-0,0512306
0,0347	-0,0513874
0,03475	-0,0512304
0,0348	-0,0512462
0,03485	-0,0513874
0,0349	-0,0511678
0,03495	-0,0513246
0,035	-0,0511836
0,03505	-0,0512306
0,0351	-0,0512306
0,03515	-0,0509954
0,0352	-0,0513562
0,03525	-0,050964
0,0353	-0,051011
0,03535	-0,0511992
0,0354	-0,050917
0,03545	-0,051168
0,0355	-0,0509484
0,03555	-0,0511364
0,0356	-0,0511678
0,03565	-0,0508232
0,0357	-0,0511834
0,03575	-0,0509326
0,0358	-0,0511206
0,03585	-0,0510894
0,0359	-0,0509796
0,03595	-0,051215
0,036	-0,0509644
0,03605	-0,051121
0,0361	-0,051121
0,03615	-0,0510268
0,0362	-0,051152
0,03625	-0,0509952
0,0363	-0,0512148
0,03635	-0,0511836
0,0364	-0,0511364
0,03645	-0,0511678
0,0365	-0,051168
0,03655	-0,0511052
0,0366	-0,0512308
0,03665	-0,0511836
0,0367	-0,0512462
0,03675	-0,051168
0,0368	-0,0511522
0,03685	-0,0513092
0,0369	-0,0511678
0,03695	-0,0513092
0,037	-0,0514188
0,03705	-0,051309
0,0371	-0,051403
0,03715	-0,0511052
0,0372	-0,0512934
0,03725	-0,0513402
0,0373	-0,0511836
0,03735	-0,0515442
0,0374	-0,0512934
0,03745	-0,05145
0,0375	-0,0513558
0,03755	-0,0512622
0,0376	-0,0513246
0,03765	-0,0511994
0,0377	-0,0512776
0,03775	-0,0513872
0,0378	-0,0512778
0,03785	-0,0513402
0,0379	-0,0512934
0,03795	-0,0512776
0,038	-0,0513246
0,03805	-0,0511992
0,0381	-0,051262
0,03815	-0,0512618
0,0382	-0,0511836
0,03825	-0,0512618
0,0383	-0,0512462
0,03835	-0,0514346
0,0384	-0,0512778
0,03845	-0,0512618
0,0385	-0,0514658
0,03855	-0,0511836
0,0386	-0,0512306
0,03865	-0,0512306
0,0387	-0,0512932
0,03875	-0,051356
0,0388	-0,0512308
0,03885	-0,0512304
0,0389	-0,0512776
0,03895	-0,0512308
0,039	-0,0512778
0,03905	-0,0512464
0,0391	-0,051262
0,03915	-0,051309
0,0392	-0,051152
0,03925	-0,0513402
0,0393	-0,0510738
0,03935	-0,0512152
0,0394	-0,0512618
0,03945	-0,0511678
0,0395	-0,0511992
0,03955	-0,0510894
0,0396	-0,0510896
0,03965	-0,0511522
0,0397	-0,0509954
0,03975	-0,0510422
0,0398	-0,050964
0,03985	-0,0510422
0,0399	-0,0510268
0,03995	-0,0509798
0,04	-0,051011
0,04005	-0,0510268
0,0401	-0,051074
0,04015	-0,051168
0,0402	-0,0510582
0,04025	-0,0509798
0,0403	-0,0509794
0,04035	-0,0509954
0,0404	-0,0511834
0,04045	-0,050917
0,0405	-0,0511522
0,04055	-0,0510892
0,0406	-0,0510266
0,04065	-0,0511992
0,0407	-0,0509954
0,04075	-0,051121
0,0408	-0,0511052
0,04085	-0,0509326
0,0409	-0,0512304
0,04095	-0,0509954
0,041	-0,051011
0,04105	-0,051058
0,0411	-0,050964
0,04115	-0,0512308
0,0412	-0,0510268
0,04125	-0,0511992
0,0413	-0,0512148
0,04135	-0,051074
0,0414	-0,0512778
0,04145	-0,051152
0,0415	-0,0513246
0,04155	-0,0512936
0,0416	-0,0511524
0,04165	-0,0512934
0,0417	-0,0511992
0,04175	-0,0512464
0,0418	-0,0513402
0,04185	-0,051215
0,0419	-0,0512932
0,04195	-0,0512932
0,042	-0,0511994
0,04205	-0,0512934
0,0421	-0,0510738
0,04215	-0,051262
0,0422	-0,051262
0,04225	-0,0511522
0,0423	-0,0513406
0,04235	-0,0511522
0,0424	-0,0512464
0,04245	-0,0511836
0,0425	-0,051011
0,04255	-0,0512464
0,0426	-0,0509954
0,04265	-0,0511364
0,0427	-0,0510582
0,04275	-0,0509328
0,0428	-0,0511836
0,04285	-0,0509172
0,0429	-0,051199
0,04295	-0,0510582
0,043	-0,051074
0,04305	-0,051074
0,0431	-0,0508542
0,04315	-0,051168
0,0432	-0,0510426
0,04325	-0,0509796
0,0433	-0,0510738
0,04335	-0,0510266
0,0434	-0,051121
0,04345	-0,0510738
0,0435	-0,0511522
0,04355	-0,0512462
0,0436	-0,0511522
0,04365	-0,051105
0,0437	-0,0511052
0,04375	-0,0510428
0,0438	-0,0511052
0,04385	-0,0511678
0,0439	-0,0511208
0,04395	-0,0512308
0,044	-0,0510582
0,04405	-0,0510738
0,0441	-0,0509796
0,04415	-0,0507602
0,0442	-0,0509326
0,04425	-0,0507918
0,0443	-0,050776
0,04435	-0,050729
0,0444	-0,050713
0,04445	-0,05087
0,0445	-0,0506036
0,04455	-0,050776
0,0446	-0,0508076
0,04465	-0,0506662
0,0447	-0,0508698
0,04475	-0,050729
0,0448	-0,050917
0,04485	-0,0507602
0,0449	-0,0507132
0,04495	-0,050917
0,045	-0,0506974
0,04505	-0,0509168
0,0451	-0,0508074
0,04515	-0,0507446
0,0452	-0,0507758
0,04525	-0,0507758
0,0453	-0,0509796
0,04535	-0,0508232
0,0454	-0,0507916
0,04545	-0,0506976
0,0455	-0,0507916
0,04555	-0,0508072
0,0456	-0,050917
0,04565	-0,0507758
0,0457	-0,0509484
0,04575	-0,050917
0,0458	-0,0509482
0,04585	-0,051027
0,0459	-0,0509484
0,04595	-0,0511052
0,046	-0,0510582
0,04605	-0,051058
0,0461	-0,0511836
0,04615	-0,0511208
0,0462	-0,0511678
0,04625	-0,0511208
0,0463	-0,0511364
0,04635	-0,0511676
0,0464	-0,0510424
0,04645	-0,0511992
0,0465	-0,051121
0,04655	-0,051074
0,0466	-0,0511364
0,04665	-0,0511052
0,0467	-0,051215
0,04675	-0,051105
0,0468	-0,051027
0,04685	-0,0512776
0,0469	-0,0509798
0,04695	-0,0511994
0,047	-0,051105
0,04705	-0,0510738
0,0471	-0,0511836
0,04715	-0,0509798
0,0472	-0,0511522
0,04725	-0,0510268
0,0473	-0,0509486
0,04735	-0,051074
0,0474	-0,0509484
0,04745	-0,0510582
0,0475	-0,0509796
0,04755	-0,0508072
0,0476	-0,0509796
0,04765	-0,0508228
0,0477	-0,0509954
0,04775	-0,0508544
0,0478	-0,051058
0,04785	-0,0509952
0,0479	-0,0508858
0,04795	-0,0509796
0,048	-0,0511208
0,04805	-0,051011
0,0481	-0,0510266
0,04815	-0,0510738
0,0482	-0,0510426
0,04825	-0,0509956
0,0483	-0,050964
0,04835	-0,051168
0,0484	-0,0511838
0,04845	-0,0509328
0,0485	-0,051011
0,04855	-0,0509798
0,0486	-0,0510582
0,04865	-0,0509326
0,0487	-0,0510268
0,04875	-0,0509952
0,0488	-0,0508074
0,04885	-0,0508544
0,0489	-0,0508074
0,04895	-0,0509328
0,049	-0,0509172
0,04905	-0,0507444
0,0491	-0,0509796
0,04915	-0,0509486
0,0492	-0,0509642
0,04925	-0,0511208
0,0493	-0,0508072
0,04935	-0,0508386
0,0494	-0,0509014
0,04945	-0,0508856
0,0495	-0,0508228
0,04955	-0,0507134
0,0496	-0,0507446
0,04965	-0,0506192
0,0497	-0,0506662
0,04975	-0,0507602
0,0498	-0,0506192
0,04985	-0,050682
0,0499	-0,050619
0,04995	-0,0505566
0,05	-0,0505878
0,05005	-0,050478
0,0501	-0,0505406
0,05015	-0,0505408
0,0502	-0,050525
0,05025	-0,0505878
0,0503	-0,050525
0,05035	-0,0505562
0,0504	-0,0506818
0,05045	-0,0507446
0,0505	-0,0507758
0,05055	-0,0508388
0,0506	-0,0507602
0,05065	-0,0507602
0,0507	-0,050917
0,05075	-0,050807
0,0508	-0,0508702
0,05085	-0,0507446
0,0509	-0,0508856
0,05095	-0,050776
0,051	-0,0508232
0,05105	-0,0508074
0,0511	-0,0506974
0,05115	-0,0509328
0,0512	-0,0507132
0,05125	-0,0508386
0,0513	-0,050823
0,05135	-0,0507604
0,0514	-0,0508544
0,05145	-0,0506818
0,0515	-0,050823
0,05155	-0,0507132
0,0516	-0,0507288
0,05165	-0,0507602
0,0517	-0,0507446
0,05175	-0,0506664
0,0518	-0,0506504
0,05185	-0,0506976
0,0519	-0,050776
0,05195	-0,0506036
0,052	-0,050619
0,05205	-0,0505722
0,0521	-0,0506974
0,05215	-0,0507604
0,0522	-0,050729
0,05225	-0,0507446
0,0523	-0,0506976
0,05235	-0,0507288
0,0524	-0,0506976
0,05245	-0,050635
0,0525	-0,0506036
0,05255	-0,0506976
0,0526	-0,0507288
0,05265	-0,0507444
0,0527	-0,0508072
0,05275	-0,0506348
0,0528	-0,0506346
0,05285	-0,0506348
0,0529	-0,0507132
0,05295	-0,0506348
0,053	-0,0506504
0,05305	-0,0506662
0,0531	-0,0506034
0,05315	-0,0506192
0,0532	-0,0504624
0,05325	-0,0505408
0,0533	-0,0506818
0,05335	-0,050384
0,0534	-0,0504936
0,05345	-0,0504624
0,0535	-0,0503526
0,05355	-0,0506192
0,0536	-0,0503996
0,05365	-0,0504938
0,0537	-0,0504308
0,05375	-0,0503842
0,0538	-0,0504938
0,05385	-0,0503526
0,0539	-0,0503528
0,05395	-0,0503372
0,054	-0,0503684
0,05405	-0,0504152
0,0541	-0,050243
0,05415	-0,0502742
0,0542	-0,050384
0,05425	-0,0503526
0,0543	-0,0503214
0,05435	-0,0502272
0,0544	-0,05029
0,05445	-0,050243
0,0545	-0,0502742
0,05455	-0,0502744
0,0546	-0,0502742
0,05465	-0,0501958
0,0547	-0,0503058
0,05475	-0,0502428
0,0548	-0,0503528
0,05485	-0,050337
0,0549	-0,0503528
0,05495	-0,0504466
0,055	-0,0503998
0,05505	-0,0503212
0,0551	-0,0504624
0,05515	-0,0505096
0,0552	-0,050588
0,05525	-0,0504622
0,0553	-0,0504308
0,05535	-0,050572
0,0554	-0,0503996
0,05545	-0,0505408
0,0555	-0,0503998
0,05555	-0,0503368
0,0556	-0,0505406
0,05565	-0,0504154
0,0557	-0,0505094
0,05575	-0,050431
0,0558	-0,050384
0,05585	-0,0505252
0,0559	-0,0504778
0,05595	-0,0506664
0,056	-0,050431
0,05605	-0,0503996
0,0561	-0,050525
0,05615	-0,0503998
0,0562	-0,0504622
0,05625	-0,050384
0,0563	-0,050478
0,05635	-0,050415
0,0564	-0,0503996
0,05645	-0,0504782
0,0565	-0,0503212
0,05655	-0,0503214
0,0566	-0,0503212
0,05665	-0,0503054
0,0567	-0,0504154
0,05675	-0,0503682
0,0568	-0,0504312
0,05685	-0,0504938
0,0569	-0,0503996
0,05695	-0,050384
0,057	-0,0503994
0,05705	-0,050353
0,0571	-0,0503682
0,05715	-0,0503528
0,0572	-0,0503214
0,05725	-0,050478
0,0573	-0,0504154
0,05735	-0,0504
0,0574	-0,0504154
0,05745	-0,0503528
0,0575	-0,050337
0,05755	-0,050384
0,0576	-0,0504468
0,05765	-0,0503372
0,0577	-0,050337
0,05775	-0,0502744
0,0578	-0,0502742
0,05785	-0,0504152
0,0579	-0,050133
0,05795	-0,0501018
0,058	-0,0501644
0,05805	-0,0500706
0,0581	-0,0503058
0,05815	-0,0502116
0,0582	-0,0501488
0,05825	-0,0500704
0,0583	-0,050008
0,05835	-0,0501334
0,0584	-0,0500234
0,05845	-0,050039
0,0585	-0,0500704
0,05855	-0,0499294
0,0586	-0,0499138
0,05865	-0,0499138
0,0587	-0,0498668
0,05875	-0,0498666
0,0588	-0,0498982
0,05885	-0,0499136
0,0589	-0,0499922
0,05895	-0,0498666
0,059	-0,0498352
0,05905	-0,0498196
0,0591	-0,049898
0,05915	-0,0498196
0,0592	-0,049992
0,05925	-0,049945
0,0593	-0,049945
0,05935	-0,0500078
0,0594	-0,0501332
0,05945	-0,0500704
0,0595	-0,050196
0,05955	-0,0501332
0,0596	-0,050133
0,05965	-0,0501646
0,0597	-0,0502586
0,05975	-0,0501334
0,0598	-0,0502744
0,05985	-0,0501644
0,0599	-0,05029
0,05995	-0,0501958
0,06	-0,0503056
0,06005	-0,0501332
0,0601	-0,050039
0,06015	-0,0501176
0,0602	-0,0501174
0,06025	-0,0502898
0,0603	-0,0500702
0,06035	-0,0502114
0,0604	-0,0500546
0,06045	-0,0500706
0,0605	-0,050149
0,06055	-0,0501646
0,0606	-0,0501018
0,06065	-0,0500392
0,0607	-0,0500548
0,06075	-0,049992
0,0608	-0,0500078
0,06085	-0,049945
0,0609	-0,0499764
0,06095	-0,0498822
0,061	-0,0498982
0,06105	-0,0499294
0,0611	-0,0499138
0,06115	-0,0499608
0,0612	-0,049898
0,06125	-0,0498982
0,0613	-0,0499294
0,06135	-0,0499766
0,0614	-0,0500232
0,06145	-0,0498982
0,0615	-0,049898
0,06155	-0,049898
0,0616	-0,049898
0,06165	-0,0498512
0,0617	-0,0499608
0,06175	-0,049757
0,0618	-0,0498194
0,06185	-0,049851
0,0619	-0,0498354
0,06195	-0,049804
0,062	-0,0497884
0,06205	-0,0498196
0,0621	-0,049647
0,06215	-0,049804
0,0622	-0,0497414
0,06225	-0,0497412
0,0623	-0,0497256
0,06235	-0,0496942
0,0624	-0,0498352
0,06245	-0,0497412
0,0625	-0,049647
0,06255	-0,0496158
0,0626	-0,0496316
0,06265	-0,0496784
0,0627	-0,0496786
0,06275	-0,0496942
0,0628	-0,049647
0,06285	-0,0494904
0,0629	-0,0496626
0,06295	-0,0496628
0,063	-0,0496628
0,06305	-0,0495844
0,0631	-0,0496
0,06315	-0,0496156
0,0632	-0,0496472
0,06325	-0,0497884
0,0633	-0,04971
0,06335	-0,049506
0,0634	-0,0496
0,06345	-0,0494902
0,0635	-0,0495532
0,06355	-0,0496
0,0636	-0,0495376
0,06365	-0,0495998
0,0637	-0,0495372
0,06375	-0,0494902
0,0638	-0,0495374
0,06385	-0,0494748
0,0639	-0,049647
0,06395	-0,0495372
0,064	-0,0495216
0,06405	-0,0496
0,0641	-0,0495374
0,06415	-0,0495218
0,0642	-0,0495528
0,06425	-0,0496316
0,0643	-0,0496472
0,06435	-0,0496784
0,0644	-0,0496314
0,06445	-0,0496316
0,0645	-0,0496158
0,06455	-0,0497412
0,0646	-0,0495998
0,06465	-0,0497414
0,0647	-0,049757
0,06475	-0,0497098
0,0648	-0,0497098
0,06485	-0,0497884
0,0649	-0,049757
0,06495	-0,049804
0,065	-0,0496942
0,06505	-0,0498194
0,0651	-0,049835
0,06515	-0,049851
0,0652	-0,0498354
0,06525	-0,0498668
0,0653	-0,0498196
0,06535	-0,0498508
0,0654	-0,0497724
0,06545	-0,0498196
0,0655	-0,0497412
0,06555	-0,0498196
0,0656	-0,049804
0,06565	-0,0498194
0,0657	-0,049898
0,06575	-0,0498036
0,0658	-0,049898
0,06585	-0,049741
0,0659	-0,0498508
0,06595	-0,0498982
0,066	-0,0497726
0,06605	-0,049851
0,0661	-0,0496944
0,06615	-0,049851
0,0662	-0,0497412
0,06625	-0,0496312
0,0663	-0,0497098
0,06635	-0,0496314
0,0664	-0,0496786
0,06645	-0,049694
0,0665	-0,0496784
0,06655	-0,049694
0,0666	-0,049553
0,06665	-0,0495216
0,0667	-0,0493804
0,06675	-0,049506
0,0668	-0,0494116
0,06685	-0,0493178
0,0669	-0,0493962
0,06695	-0,049208
0,067	-0,0493334
0,06705	-0,0492708
0,0671	-0,049318
0,06715	-0,0491768
0,0672	-0,0492394
0,06725	-0,0491766
0,0673	-0,0491294
0,06735	-0,0493804
0,0674	-0,0491456
0,06745	-0,0491768
0,0675	-0,049161
0,06755	-0,049114
0,0676	-0,0492394
0,06765	-0,0490512
0,0677	-0,0491454
0,06775	-0,049114
0,0678	-0,0491142
0,06785	-0,0491612
0,0679	-0,049067
0,06795	-0,0490984
0,068	-0,0490044
0,06805	-0,0489886
0,0681	-0,0490826
0,06815	-0,0489572
0,0682	-0,0491296
0,06825	-0,0489886
0,0683	-0,0490044
0,06835	-0,0490042
0,0684	-0,0490198
0,06845	-0,0491612
0,0685	-0,0490984
0,06855	-0,0490984
0,0686	-0,0491764
0,06865	-0,0492552
0,0687	-0,049255
0,06875	-0,049271
0,0688	-0,0492706
0,06885	-0,0493334
0,0689	-0,0495218
0,06895	-0,049349
0,069	-0,0493334
0,06905	-0,0493334
0,0691	-0,049302
0,06915	-0,049412
0,0692	-0,049365
0,06925	-0,0494746
0,0693	-0,0493648
0,06935	-0,0493806
0,0694	-0,0493806
0,06945	-0,0493492
0,0695	-0,0493962
0,06955	-0,0492864
0,0696	-0,049412
0,06965	-0,0492082
0,0697	-0,0491928
0,06975	-0,0494274
0,0698	-0,049208
0,06985	-0,0494432
0,0699	-0,049271
0,06995	-0,0491768
0,07	-0,049208
0,07005	-0,0491296
0,0701	-0,0492552
0,07015	-0,0490198
0,0702	-0,049114
0,07025	-0,049114
0,0703	-0,049067
0,07035	-0,0492238
0,0704	-0,0490826
0,07045	-0,0491768
0,0705	-0,0490826
0,07055	-0,0491454
0,0706	-0,0491452
0,07065	-0,0491296
0,0707	-0,0491456
0,07075	-0,0490672
0,0708	-0,049067
0,07085	-0,0490826
0,0709	-0,0490986
0,07095	-0,0490984
0,071	-0,04902
0,07105	-0,0490672
0,0711	-0,04902
0,07115	-0,0490982
0,0712	-0,0490198
0,07125	-0,0490356
0,0713	-0,049004
0,07135	-0,0489886
0,0714	-0,0490512
0,07145	-0,0488632
0,0715	-0,0489414
0,07155	-0,0488788
0,0716	-0,0488164
0,07165	-0,0488474
0,0717	-0,048738
0,07175	-0,0488318
0,0718	-0,0487222
0,07185	-0,0487534
0,0719	-0,048581
0,07195	-0,0486124
0,072	-0,0486906
0,07205	-0,0485812
0,0721	-0,0485498
0,07215	-0,0484558
0,0722	-0,0484866
0,07225	-0,0487064
0,0723	-0,04844
0,07235	-0,0485496
0,0724	-0,0485496
0,07245	-0,0484554
0,0725	-0,0486906
0,07255	-0,0485968
0,0726	-0,048675
0,07265	-0,0485338
0,0727	-0,0484242
0,07275	-0,0486752
0,0728	-0,0485184
0,07285	-0,0484714
0,0729	-0,048424
0,07295	-0,0485184
0,073	-0,0485654
0,07305	-0,0484868
0,0731	-0,048534
0,07315	-0,0486124
0,0732	-0,0485182
0,07325	-0,048675
0,0733	-0,0486436
0,07335	-0,048581
0,0734	-0,0486436
0,07345	-0,048628
0,0735	-0,0486278
0,07355	-0,048534
0,0736	-0,0486436
0,07365	-0,0486436
0,0737	-0,0484866
0,07375	-0,0485496
0,0738	-0,0484556
0,07385	-0,0484242
0,0739	-0,0485338
0,07395	-0,048471
0,074	-0,048487
0,07405	-0,0483458
0,0741	-0,048424
0,07415	-0,0484712
0,0742	-0,0483614
0,07425	-0,04833
0,0743	-0,0483146
0,07435	-0,0482048
0,0744	-0,0482514
0,07445	-0,0482518
0,0745	-0,048142
0,07455	-0,0480636
0,0746	-0,0480164
0,07465	-0,0481104
0,0747	-0,0479694
0,07475	-0,0480636
0,0748	-0,0478598
0,07485	-0,047844
0,0749	-0,0478598
0,07495	-0,0478128
0,075	-0,0478598
0,07505	-0,0476246
0,0751	-0,0477342
0,07515	-0,0477502
0,0752	-0,0476092
0,07525	-0,0475932
0,0753	-0,0474992
0,07535	-0,047468
0,0754	-0,0474994
0,07545	-0,0474208
0,0755	-0,0473896
0,07555	-0,0473894
0,0756	-0,047217
0,07565	-0,0473424
0,0757	-0,047217
0,07575	-0,0472486
0,0758	-0,0470446
0,07585	-0,047029
0,0759	-0,0469504
0,07595	-0,0468564
0,076	-0,0467936
0,07605	-0,0467778
0,0761	-0,046684
0,07615	-0,0466368
0,0762	-0,0465898
0,07625	-0,0465428
0,0763	-0,0465742
0,07635	-0,0463702
0,0764	-0,0464018
0,07645	-0,0462762
0,0765	-0,0461194
0,07655	-0,0461976
0,0766	-0,0461354
0,07665	-0,0461352
0,0767	-0,0459158
0,07675	-0,0458374
0,0768	-0,0458846
0,07685	-0,045806
0,0769	-0,0457278
0,07695	-0,0456178
0,077	-0,0454768
0,07705	-0,045524
0,0771	-0,0453826
0,07715	-0,0454766
0,0772	-0,0453514
0,07725	-0,045179
0,0773	-0,0452572
0,07735	-0,045116
0,0774	-0,0451944
0,07745	-0,0450066
0,0775	-0,044928
0,07755	-0,0448966
0,0776	-0,0447398
0,07765	-0,0447554
0,0777	-0,0447242
0,07775	-0,0447086
0,0778	-0,044677
0,07785	-0,0445048
0,0779	-0,0445046
0,07795	-0,0443006
0,078	-0,0442226
0,07805	-0,0441754
0,0781	-0,0440186
0,07815	-0,04405
0,0782	-0,0439402
0,07825	-0,0438306
0,0783	-0,0438462
0,07835	-0,0436424
0,0784	-0,0435012
0,07845	-0,04347
0,0785	-0,0432974
0,07855	-0,0431722
0,0786	-0,0431092
0,07865	-0,0429524
0,0787	-0,04289
0,07875	-0,0427956
0,0788	-0,042843
0,07885	-0,0425762
0,0789	-0,0424508
0,07895	-0,0425606
0,079	-0,0424036
0,07905	-0,0421842
0,0791	-0,0420744
0,07915	-0,041902
0,0792	-0,0417454
0,07925	-0,0416826
0,0793	-0,0416668
0,07935	-0,0413064
0,0794	-0,0412434
0,07945	-0,0411806
0,0795	-0,0410554
0,07955	-0,040977
0,0796	-0,0408988
0,07965	-0,040538
0,0797	-0,0406006
0,07975	-0,0404754
0,0798	-0,0403656
0,07985	-0,0400836
0,0799	-0,0399734
0,07995	-0,0400048
0,08	-0,0397226
0,08005	-0,0396132
0,0801	-0,0395032
0,08015	-0,0393936
0,0802	-0,0392366
0,08025	-0,038986
0,0803	-0,0388292
0,08035	-0,038735
0,0804	-0,0384998
0,08045	-0,03839
0,0805	-0,0381864
0,08055	-0,038045
0,0806	-0,03781
0,08065	-0,0376532
0,0807	-0,037669
0,08075	-0,0372924
0,0808	-0,0370574
0,08085	-0,0369792
0,0809	-0,0367754
0,08095	-0,036744
0,081	-0,0363678
0,08105	-0,0362576
0,0811	-0,0359756
0,08115	-0,0359912
0,0812	-0,0358344
0,08125	-0,0355836
0,0813	-0,0354426
0,08135	-0,0354426
0,0814	-0,0351762
0,08145	-0,0352074
0,0815	-0,034894
0,08155	-0,0346434
0,0816	-0,0345644
0,08165	-0,0342354
0,0817	-0,034204
0,08175	-0,0339848
0,0818	-0,0338276
0,08185	-0,0335612
0,0819	-0,0333732
0,08195	-0,033185
0,082	-0,0329654
0,08205	-0,0328874
0,0821	-0,0328244
0,08215	-0,0325264
0,0822	-0,0323852
0,08225	-0,0320246
0,0823	-0,0319306
0,08235	-0,0318994
0,0824	-0,0316014
0,08245	-0,0314448
0,0825	-0,0311154
0,08255	-0,031037
0,0826	-0,0308018
0,08265	-0,030504
0,0827	-0,0302062
0,08275	-0,030112
0,0828	-0,0298454
0,08285	-0,0296416
0,0829	-0,0291558
0,08295	-0,0289364
0,083	-0,028748
0,08305	-0,028403
0,0831	-0,0282934
0,08315	-0,0279326
0,0832	-0,027666
0,08325	-0,0274936
0,0833	-0,0271176
0,08335	-0,0269448
0,0834	-0,026506
0,08345	-0,0261926
0,0835	-0,025973
0,08355	-0,0255966
0,0836	-0,0253772
0,08365	-0,0251108
0,0837	-0,0247812
0,08375	-0,024499
0,0838	-0,024076
0,08385	-0,0237936
0,0839	-0,0234642
0,08395	-0,023151
0,084	-0,0230256
0,08405	-0,022508
0,0841	-0,0222102
0,08415	-0,0219436
0,0842	-0,021724
0,08425	-0,0214576
0,0843	-0,0210658
0,08435	-0,0206424
0,0844	-0,0204858
0,08445	-0,0200936
0,0845	-0,019733
0,08455	-0,0194508
0,0846	-0,0190274
0,08465	-0,018761
0,0847	-0,0184628
0,08475	-0,018275
0,0848	-0,0179144
0,08485	-0,0174912
0,0849	-0,0172244
0,08495	-0,0169896
0,085	-0,016723
0,08505	-0,0162838
0,0851	-0,0159076
0,08515	-0,0157036
0,0852	-0,0153748
0,08525	-0,0151862
0,0853	-0,0148414
0,08535	-0,0146062
0,0854	-0,0143712
0,08545	-0,013932
0,0855	-0,0138536
0,08555	-0,0135086
0,0856	-0,013195
0,08565	-0,0129756
0,0857	-0,0126624
0,08575	-0,0124268
0,0858	-0,0121134
0,08585	-0,011894
0,0859	-0,0117056
0,08595	-0,0113294
0,086	-0,0111258
0,08605	-0,0107964
0,0861	-0,0105144
0,08615	-0,0103418
0,0862	-0,0098556
0,08625	-0,0096362
0,0863	-0,0094324
0,08635	-0,008962
0,0864	-0,0088678
0,08645	-0,0084446
0,0865	-0,0083662
0,08655	-0,0081466
0,0866	-0,0078488
0,08665	-0,0077392
0,0867	-0,007394
0,08675	-0,0075038
0,0868	-0,0072216
0,08685	-0,0070962
0,0869	-0,0068924
0,08695	-0,0065948
0,087	-0,0066102
0,08705	-0,0063438
0,0871	-0,0061714
0,08715	-0,005983
0,0872	-0,0056382
0,08725	-0,0055754
0,0873	-0,0053246
0,08735	-0,0052306
0,0874	-0,0050736
0,08745	-0,004776
0,0875	-0,0047132
0,08755	-0,0046348
0,0876	-0,0045566
0,08765	-0,0043682
0,0877	-0,0042428
0,08775	-0,004196
0,0878	-0,0039608
0,08785	-0,003961
0,0879	-0,0037256
0,08795	-0,0037726
0,088	-0,0036
0,08805	-0,0035216
0,0881	-0,0032394
0,08815	-0,0031454
0,0882	-0,0032392
0,08825	-0,0028946
0,0883	-0,0029728
0,08835	-0,0026904
0,0884	-0,0027064
0,08845	-0,0026594
0,0885	-0,002471
0,08855	-0,002534
0,0886	-0,0022202
0,08865	-0,0022048
0,0887	-0,002236
0,08875	-0,0019696
0,0888	-0,002142
0,08885	-0,0018286
0,0889	-0,0018914
0,08895	-0,0017656
0,089	-0,0016716
0,08905	-0,0017186
0,0891	-0,0013894
0,08915	-0,0015934
0,0892	-0,0014992
0,08925	-0,0014678
0,0893	-0,0014366
0,08935	-0,00117
0,0894	-0,001264
0,08945	-0,0010916
0,0895	-0,0009974
0,08955	-0,0009818
0,0896	-0,0008564
0,08965	-0,0009036
0,0897	-0,0008718
0,08975	-0,0008562
0,0898	-0,0006838
0,08985	-0,000825
0,0899	-0,0005742
0,08995	-0,0008406
0,09	-0,0007466
0,09005	-0,000731
0,0901	-0,000825
0,09015	-0,0007466
0,0902	-0,0007624
0,09025	-0,0007624
0,0903	-0,0007152
0,09035	-0,0008252
0,0904	-0,0006684
0,09045	-0,0008408
0,0905	-0,0005744
0,09055	-0,000668
0,0906	-0,0006996
0,09065	-0,0005584
0,0907	-0,0008718
0,09075	-0,0005272
0,0908	-0,0007622
0,09085	-0,0006836
0,0909	-0,000684
0,09095	-0,000778
0,091	-0,000621
0,09105	-0,000872
0,0911	-0,0009662
0,09115	-0,0008722
0,0912	-0,001076
0,09125	-0,0010132
0,0913	-0,0011856
0,09135	-0,0011384
0,0914	-0,0013424
0,09145	-0,0012796
0,0915	-0,0012954
0,09155	-0,0012954
0,0916	-0,0013738
0,09165	-0,001311
0,0917	-0,001358
0,09175	-0,001405
0,0918	-0,0013424
0,09185	-0,0015146
0,0919	-0,0015148
0,09195	-0,0015932
0,092	-0,0015932
0,09205	-0,0016246
0,0921	-0,0016874
0,09215	-0,0016718
0,0922	-0,0018126
0,09225	-0,0019224
0,0923	-0,0019854
0,09235	-0,0022046
0,0924	-0,0020634
0,09245	-0,0021734
0,0925	-0,0021106
0,09255	-0,0021108
0,0926	-0,0022986
0,09265	-0,0021264
0,0927	-0,0023614
0,09275	-0,0022518
0,0928	-0,0021734
0,09285	-0,0024242
0,0929	-0,0021576
0,09295	-0,0024556
0,093	-0,0024556
0,09305	-0,0022674
0,0931	-0,0024712
0,09315	-0,0023612
0,0932	-0,002534
0,09325	-0,0025182
0,0933	-0,0026124
0,09335	-0,0027692
0,0934	-0,002675
0,09345	-0,002879
0,0935	-0,002863
0,09355	-0,0027848
0,0936	-0,0030042
0,09365	-0,0030044
0,0937	-0,0031296
0,09375	-0,0031924
0,0938	-0,0031766
0,09385	-0,0032866
0,0939	-0,0032708
0,09395	-0,0033806
0,094	-0,003459
0,09405	-0,0032866
0,0941	-0,0034904
0,09415	-0,0034748
0,0942	-0,0034906
0,09425	-0,0035844
0,0943	-0,0035372
0,09435	-0,0036628
0,0944	-0,0037098
0,09445	-0,0036002
0,0945	-0,0038198
0,09455	-0,0038352
0,0946	-0,0040078
0,09465	-0,0040234
0,0947	-0,0040862
0,09475	-0,00429
0,0948	-0,004196
0,09485	-0,0043838
0,0949	-0,0043526
0,09495	-0,0043998
0,095	-0,0044622
0,09505	-0,0044154
0,0951	-0,004619
0,09515	-0,0045564
0,0952	-0,0046192
0,09525	-0,0048388
0,0953	-0,0048386
0,09535	-0,0049798
0,0954	-0,0050426
0,09545	-0,0049798
0,0955	-0,0051522
0,09555	-0,0051836
0,0956	-0,005309
0,09565	-0,0054816
0,0957	-0,0055286
0,09575	-0,0058734
0,0958	-0,0058576
0,09585	-0,0059362
0,0959	-0,0060616
0,09595	-0,0060146
0,096	-0,0063906
0,09605	-0,0062968
0,0961	-0,0063908
0,09615	-0,0065162
0,0962	-0,0064694
0,09625	-0,0068768
0,0963	-0,0067044
0,09635	-0,0068456
0,0964	-0,0069078
0,09645	-0,007049
0,0965	-0,0072374
0,09655	-0,0072844
0,0966	-0,0073942
0,09665	-0,0073942
0,0967	-0,0075822
0,09675	-0,0077234
0,0968	-0,0078332
0,09685	-0,0078334
0,0969	-0,007849
0,09695	-0,0079742
0,097	-0,0080526
0,09705	-0,008037
0,0971	-0,0080058
0,09715	-0,0082252
0,0972	-0,0081624
0,09725	-0,0083818
0,0973	-0,008335
0,09735	-0,0083192
0,0974	-0,0085232
0,09745	-0,0084292
0,0975	-0,0085858
0,09755	-0,0086486
0,0976	-0,0086016
0,09765	-0,0087896
0,0977	-0,0088052
0,09775	-0,0089934
0,0978	-0,0091188
0,09785	-0,0090404
0,0979	-0,0092286
0,09795	-0,0092912
0,098	-0,0094636
0,09805	-0,0094792
0,0981	-0,0095736
0,09815	-0,0098086
0,0982	-0,0097304
0,09825	-0,009934
0,0983	-0,009934
0,09835	-0,0100908
0,0984	-0,010185
0,09845	-0,010216
0,0985	-0,0102948
0,09855	-0,0103886
0,0986	-0,0104046
0,09865	-0,0105926
0,0987	-0,0105456
0,09875	-0,0106082
0,0988	-0,0106238
0,09885	-0,0108436
0,0989	-0,0109064
0,09895	-0,0110158
0,099	-0,010969
0,09905	-0,0111882
0,0991	-0,0111884
0,09915	-0,0113296
0,0992	-0,011408
0,09925	-0,0113296
0,0993	-0,0115332
0,09935	-0,0115176
0,0994	-0,0116744
0,09945	-0,0117684
0,0995	-0,0116744
0,09955	-0,011878
0,0996	-0,011737
0,09965	-0,0119566
0,0997	-0,011972
0,09975	-0,0120348
0,0998	-0,0123012
0,09985	-0,0121604
0,0999	-0,0124738
0,09995	-0,0121916
0,1	-0,012317
0,10005	-0,0125054
0,1001	-0,0125208
0,10015	-0,0126464
0,1002	-0,0127094
0,10025	-0,012913
0,1003	-0,0131012
0,10035	-0,0130072
0,1004	-0,013258
0,10045	-0,013352
0,1005	-0,013446
0,10055	-0,0135086
0,1006	-0,0136026
0,10065	-0,0136342
0,1007	-0,0136968
0,10075	-0,013822
0,1008	-0,0139006
0,10085	-0,0140418
0,1009	-0,0140576
0,10095	-0,014183
0,101	-0,0142924
0,10105	-0,0142926
0,1011	-0,0143396
0,10115	-0,0143084
0,1012	-0,014465
0,10125	-0,0144496
0,1013	-0,0146688
0,10135	-0,0147162
0,1014	-0,0146534
0,10145	-0,01481
0,1015	-0,01481
0,10155	-0,0150136
0,1016	-0,0149668
0,10165	-0,0150608
0,1017	-0,0151864
0,10175	-0,0150766
0,1018	-0,0153272
0,10185	-0,015296
0,1019	-0,0153432
0,10195	-0,0155626
0,102	-0,0155626
0,10205	-0,0157036
0,1021	-0,015735
0,10215	-0,0159076
0,1022	-0,0160328
0,10225	-0,0160328
0,1023	-0,0161586
0,10235	-0,0161898
0,1024	-0,0162996
0,10245	-0,0164092
0,1025	-0,0165346
0,10255	-0,016519
0,1026	-0,0167228
0,10265	-0,0167544
0,1027	-0,0168638
0,10275	-0,0168796
0,1028	-0,0169578
0,10285	-0,0169892
0,1029	-0,0171774
0,10295	-0,0172716
0,103	-0,0171616
0,10305	-0,017146
0,1031	-0,01735
0,10315	-0,0174284
0,1032	-0,0174754
0,10325	-0,017444
0,1033	-0,0175692
0,10335	-0,0177108
0,1034	-0,0177416
0,10345	-0,0178832
0,1035	-0,0178048
0,10355	-0,0178672
0,1036	-0,0179928
0,10365	-0,018165
0,1037	-0,0182592
0,10375	-0,0182592
0,1038	-0,0183064
0,10385	-0,0183218
0,1039	-0,0184316
0,10395	-0,0185256
0,104	-0,0185572
0,10405	-0,0185886
0,1041	-0,0186984
0,10415	-0,0188238
0,1042	-0,0189648
0,10425	-0,0189492
0,1043	-0,018949
0,10435	-0,0191058
0,1044	-0,0192154
0,10445	-0,019294
0,1045	-0,019341
0,10455	-0,019388
0,1046	-0,0196858
0,10465	-0,0195292
0,1047	-0,0198272
0,10475	-0,0200622
0,1048	-0,0200936
0,10485	-0,020172
0,1049	-0,020266
0,10495	-0,0204542
0,105	-0,0205952
0,10505	-0,0205796
0,1051	-0,0207676
0,10515	-0,020752
0,1052	-0,0209244
0,10525	-0,0210972
0,1053	-0,0210498
0,10535	-0,0212068
0,1054	-0,0211912
0,10545	-0,0213948
0,1055	-0,021489
0,10555	-0,0215672
0,1056	-0,0216928
0,10565	-0,0216456
0,1057	-0,021787
0,10575	-0,0219278
0,1058	-0,0220378
0,10585	-0,0219906
0,1059	-0,022179
0,10595	-0,0222888
0,106	-0,02232
0,10605	-0,0223984
0,1061	-0,0225394
0,10615	-0,0226964
0,1062	-0,0225862
0,10625	-0,0226962
0,1063	-0,0228688
0,10635	-0,022947
0,1064	-0,0230254
0,10645	-0,0231196
0,1065	-0,0232606
0,10655	-0,0232136
0,1066	-0,0234802
0,10665	-0,023637
0,1067	-0,0235898
0,10675	-0,023778
0,1068	-0,0237624
0,10685	-0,0239976
0,1069	-0,0240444
0,10695	-0,0241698
0,107	-0,0242796
0,10705	-0,0241856
0,1071	-0,0243894
0,10715	-0,0244834
0,1072	-0,024546
0,10725	-0,0246246
0,1073	-0,0245932
0,10735	-0,0248912
0,1074	-0,0249226
0,10745	-0,0250478
0,1075	-0,0250638
0,10755	-0,0251264
0,1076	-0,0252518
0,10765	-0,0252834
0,1077	-0,0252832
0,10775	-0,0254244
0,1078	-0,0253614
0,10785	-0,0256122
0,1079	-0,0256594
0,10795	-0,025863
0,108	-0,0258318
0,10805	-0,0260356
0,1081	-0,0260356
0,10815	-0,026208
0,1082	-0,0260982
0,10825	-0,0262236
0,1083	-0,0262866
0,10835	-0,026271
0,1084	-0,0264276
0,10845	-0,0263492
0,1085	-0,0265216
0,10855	-0,0265686
0,1086	-0,0265374
0,10865	-0,026694
0,1087	-0,026569
0,10875	-0,0268196
0,1088	-0,0268196
0,10885	-0,0270076
0,1089	-0,0270234
0,10895	-0,027039
0,109	-0,0274152
0,10905	-0,0273056
0,1091	-0,0274312
0,10915	-0,0276192
0,1092	-0,0276976
0,10925	-0,0279016
0,1093	-0,0279484
0,10935	-0,0281052
0,1094	-0,0281992
0,10945	-0,0282618
0,1095	-0,028419
0,10955	-0,0285752
0,1096	-0,028701
0,10965	-0,0285598
0,1097	-0,028748
0,10975	-0,028889
0,1098	-0,0289516
0,10985	-0,0288892
0,1099	-0,029093
0,10995	-0,0292652
0,11	-0,0293122
0,11005	-0,0293282
0,1101	-0,0295318
0,11015	-0,0295162
0,1102	-0,0297044
0,11025	-0,0296258
0,1103	-0,0299238
0,11035	-0,030018
0,1104	-0,0299866
0,11045	-0,0302374
0,1105	-0,0300496
0,11055	-0,0302846
0,1106	-0,0302374
0,11065	-0,0303316
0,1107	-0,0305354
0,11075	-0,0305668
0,1108	-0,0307078
0,11085	-0,0307234
0,1109	-0,0309744
0,11095	-0,0310056
0,111	-0,0311468
0,11105	-0,0312722
0,1111	-0,0312252
0,11115	-0,031476
0,1112	-0,031633
0,11125	-0,0316326
0,1113	-0,0317894
0,11135	-0,0315074
0,1114	-0,0317738
0,11145	-0,0317426
0,1115	-0,031868
0,11155	-0,0319776
0,1116	-0,031868
0,11165	-0,0320718
0,1117	-0,0321658
0,11175	-0,0322128
0,1118	-0,0322288
0,11185	-0,03226
0,1119	-0,0324012
0,11195	-0,0324952
0,112	-0,0326202
0,11205	-0,032589
0,1121	-0,0326834
0,11215	-0,0327144
0,1122	-0,032746
0,11225	-0,0327146
0,1123	-0,0328086
0,11235	-0,0329182
0,1124	-0,0329812
0,11245	-0,0331692
0,1125	-0,0331692
0,11255	-0,0332634
0,1126	-0,0335298
0,11265	-0,0334828
0,1127	-0,0336082
0,11275	-0,0336866
0,1128	-0,0337338
0,11285	-0,0339374
0,1129	-0,0339532
0,11295	-0,0341568
0,113	-0,0341568
0,11305	-0,0342352
0,1131	-0,0342668
0,11315	-0,0343138
0,1132	-0,0344078
0,11325	-0,0342982
0,1133	-0,0345646
0,11335	-0,034549
0,1134	-0,0346114
0,11345	-0,0348154
0,1135	-0,0347056
0,11355	-0,0349096
0,1136	-0,0349876
0,11365	-0,0350194
0,1137	-0,0352388
0,11375	-0,0352074
0,1138	-0,035521
0,11385	-0,0355838
0,1139	-0,0355522
0,11395	-0,0357092
0,114	-0,0357404
0,11405	-0,0360382
0,1141	-0,0360384
0,11415	-0,0361638
0,1142	-0,0362424
0,11425	-0,0362578
0,1143	-0,036399
0,11435	-0,0365244
0,1144	-0,0366182
0,11445	-0,0366812
0,1145	-0,0366654
0,11455	-0,0368692
0,1146	-0,0370886
0,11465	-0,0369322
0,1147	-0,0371514
0,11475	-0,03723
0,1148	-0,037418
0,11485	-0,0375122
0,1149	-0,0374964
0,11495	-0,0376688
0,115	-0,0377316
0,11505	-0,0379196
0,1151	-0,0379984
0,11515	-0,0379826
0,1152	-0,0380608
0,11525	-0,0382332
0,1153	-0,0382176
0,11535	-0,0384528
0,1154	-0,0384216
0,11545	-0,0384996
0,1155	-0,0388604
0,11555	-0,0387664
0,1156	-0,0390014
0,11565	-0,0387822
0,1157	-0,0391426
0,11575	-0,0391742
0,1158	-0,0390332
0,11585	-0,0392838
0,1159	-0,0391898
0,11595	-0,0393778
0,116	-0,0393622
0,11605	-0,0393624
0,1161	-0,0395348
0,11615	-0,0394404
0,1162	-0,0395974
0,11625	-0,0396132
0,1163	-0,03966
0,11635	-0,03966
0,1164	-0,0396446
0,11645	-0,039911
0,1165	-0,0399738
0,11655	-0,0399736
0,1166	-0,0398638
0,11665	-0,0398324
0,1167	-0,0399422
0,11675	-0,0399892
0,1168	-0,039958
0,11685	-0,040052
0,1169	-0,0400522
0,11695	-0,040099
0,117	-0,0402244
0,11705	-0,0402402
0,1171	-0,0403968
0,11715	-0,040444
0,1172	-0,0404754
0,11725	-0,0406634
0,1173	-0,0407418
0,11735	-0,0408516
0,1174	-0,0408674
0,11745	-0,0407732
0,1175	-0,0410084
0,11755	-0,0410714
0,1176	-0,0411964
0,11765	-0,0412436
0,1177	-0,0411652
0,11775	-0,041369
0,1178	-0,0412906
0,11785	-0,0414946
0,1179	-0,0414786
0,11795	-0,0415414
0,118	-0,0416828
0,11805	-0,0415414
0,1181	-0,0419334
0,11815	-0,0418862
0,1182	-0,0419334
0,11825	-0,0421372
0,1183	-0,0421842
0,11835	-0,0423566
0,1184	-0,042404
0,11845	-0,0424822
0,1185	-0,0426234
0,11855	-0,0426546
0,1186	-0,0429054
0,11865	-0,042937
0,1187	-0,043125
0,11875	-0,0430624
0,1188	-0,0431718
0,11885	-0,0433446
0,1189	-0,0434228
0,11895	-0,0435168
0,119	-0,0435484
0,11905	-0,0435328
0,1191	-0,0436892
0,11915	-0,043752
0,1192	-0,0438304
0,11925	-0,0438462
0,1193	-0,0439872
0,11935	-0,0440814
0,1194	-0,0441126
0,11945	-0,04416
0,1195	-0,0441126
0,11955	-0,0442852
0,1196	-0,0443322
0,11965	-0,0443164
0,1197	-0,0443792
0,11975	-0,0444576
0,1198	-0,0445204
0,11985	-0,044489
0,1199	-0,0446144
0,11995	-0,0446614
0,12	-0,0447868
0,12005	-0,0448338
0,1201	-0,0448024
0,12015	-0,0449752
0,1202	-0,0448808
0,12025	-0,0451474
0,1203	-0,0452418
0,12035	-0,0451788
0,1204	-0,045257
0,12045	-0,0452572
0,1205	-0,0453668
0,12055	-0,0454922
0,1206	-0,0454924
0,12065	-0,0455394
0,1207	-0,045508
0,12075	-0,045696
0,1208	-0,045618
0,12085	-0,0457272
0,1209	-0,045743
0,12095	-0,0457434
0,121	-0,045853
0,12105	-0,0459628
0,1211	-0,0459312
0,12115	-0,045947
0,1212	-0,0460098
0,12125	-0,0460256
0,1213	-0,0461822
0,12135	-0,0461196
0,1214	-0,0462136
0,12145	-0,046198
0,1215	-0,0461038
0,12155	-0,0462764
0,1216	-0,0463388
0,12165	-0,04648
0,1217	-0,0464644
0,12175	-0,0464488
0,1218	-0,0465586
0,12185	-0,0465272
0,1219	-0,0465742
0,12195	-0,0466838
0,122	-0,0466996
0,12205	-0,0468408
0,1221	-0,0467464
0,12215	-0,0469506
0,1222	-0,0468094
0,12225	-0,0467938
0,1223	-0,0470918
0,12235	-0,0470132
0,1224	-0,0471232
0,12245	-0,047123
0,1225	-0,0471542
0,12255	-0,0472486
0,1226	-0,04717
0,12265	-0,0473582
0,1227	-0,0475462
0,12275	-0,0473426
0,1228	-0,0475306
0,12285	-0,047515
0,1229	-0,047656
0,12295	-0,0477186
0,123	-0,047703
0,12305	-0,0479852
0,1231	-0,047907
0,12315	-0,0479538
0,1232	-0,048095
0,12325	-0,0481264
0,1233	-0,0482988
0,12335	-0,0483144
0,1234	-0,0483614
0,12345	-0,048377
0,1235	-0,0484868
0,12355	-0,048581
0,1236	-0,0484398
0,12365	-0,0484398
0,1237	-0,0486124
0,12375	-0,0486594
0,1238	-0,0487692
0,12385	-0,0487848
0,1239	-0,0487534
0,12395	-0,0488634
0,124	-0,0489258
0,12405	-0,0490828
0,1241	-0,0490356
0,12415	-0,0490044
0,1242	-0,049161
0,12425	-0,0490982
0,1243	-0,0491612
0,12435	-0,0492864
0,1244	-0,0491612
0,12445	-0,049318
0,1245	-0,0492396
0,12455	-0,0493806
0,1246	-0,0493492
0,12465	-0,0493808
0,1247	-0,0495216
0,12475	-0,0494276
0,1248	-0,049553
0,12485	-0,0494748
0,1249	-0,0495218
0,12495	-0,0496788
0,125	-0,0495844
0,12505	-0,0496316
0,1251	-0,049647
0,12515	-0,0497098
0,1252	-0,049835
0,12525	-0,049804
0,1253	-0,0498508
0,12535	-0,049851
0,1254	-0,0499608
0,12545	-0,0501804
0,1255	-0,0501016
0,12555	-0,050149
0,1256	-0,0501802
0,12565	-0,050243
0,1257	-0,0503054
0,12575	-0,0502742
0,1258	-0,050337
0,12585	-0,0503368
0,1259	-0,0503212
0,12595	-0,050431
0,126	-0,0503842
0,12605	-0,0503838
0,1261	-0,0506036
0,12615	-0,050525
0,1262	-0,0506504
0,12625	-0,0507132
0,1263	-0,0506662
0,12635	-0,0507918
0,1264	-0,0507132
0,12645	-0,0508542
0,1265	-0,0507444
0,12655	-0,05087
0,1266	-0,0509328
0,12665	-0,0508856
0,1267	-0,0508698
0,12675	-0,0509328
0,1268	-0,0509484
0,12685	-0,0511208
0,1269	-0,0508702
0,12695	-0,0510582
0,127	-0,0509952
0,12705	-0,0509954
0,1271	-0,0512304
0,12715	-0,0510896
0,1272	-0,0512308
0,12725	-0,0512462
0,1273	-0,0512932
0,12735	-0,0514814
0,1274	-0,0515284
0,12745	-0,0515284
0,1275	-0,0516068
0,12755	-0,0517166
0,1276	-0,0517636
0,12765	-0,0518264
0,1277	-0,0518106
0,12775	-0,0519048
0,1278	-0,0518422
0,12785	-0,051952
0,1279	-0,0520462
0,12795	-0,052093
0,128	-0,0520774
0,12805	-0,051999
0,1281	-0,0522024
0,12815	-0,0520774
0,1282	-0,052187
0,12825	-0,052281
0,1283	-0,05214
0,12835	-0,0522812
0,1284	-0,0522656
0,12845	-0,0523282
0,1285	-0,052438
0,12855	-0,052438
0,1286	-0,0524534
0,12865	-0,0523596
0,1287	-0,0524222
0,12875	-0,0525632
0,1288	-0,0524378
0,12885	-0,0525004
0,1289	-0,0524692
0,12895	-0,0525164
0,129	-0,05272
0,12905	-0,0526102
0,1291	-0,0526574
0,12915	-0,0525476
0,1292	-0,052814
0,12925	-0,0529396
0,1293	-0,0529708
0,12935	-0,0530022
0,1294	-0,0530336
0,12945	-0,0531434
0,1295	-0,0532218
0,12955	-0,053206
0,1296	-0,0532532
0,12965	-0,0532216
0,1297	-0,0532688
0,12975	-0,0532688
0,1298	-0,0533156
0,12985	-0,0533158
0,1299	-0,0533002
0,12995	-0,0533784
0,13	-0,0534412
0,13005	-0,053316
0,1301	-0,0534884
0,13015	-0,0534414
0,1302	-0,0534416
0,13025	-0,0533944
0,1303	-0,0534258
0,13035	-0,053504
0,1304	-0,0535196
0,13045	-0,0535668
0,1305	-0,0534728
0,13055	-0,0536138
0,1306	-0,0535666
0,13065	-0,0537548
0,1307	-0,0536138
0,13075	-0,053755
0,1308	-0,0537704
0,13085	-0,0538332
0,1309	-0,0539274
0,13095	-0,0538804
0,131	-0,0538488
0,13105	-0,0538176
0,1311	-0,0538334
0,13115	-0,0540684
0,1312	-0,053896
0,13125	-0,0540214
0,1313	-0,0540212
0,13135	-0,0540842
0,1314	-0,0541154
0,13145	-0,0540212
0,1315	-0,0541156
0,13155	-0,054037
0,1316	-0,0540372
0,13165	-0,0541468
0,1317	-0,054382
0,13175	-0,0543504
0,1318	-0,0543818
0,13185	-0,0543976
0,1319	-0,0544918
0,13195	-0,0544916
0,132	-0,0545702
0,13205	-0,0546014
0,1321	-0,0545546
0,13215	-0,0545856
0,1322	-0,054664
0,13225	-0,054617
0,1323	-0,0547896
0,13235	-0,0546016
0,1324	-0,0544916
0,13245	-0,0545232
0,1325	-0,0545076
0,13255	-0,0545856
0,1326	-0,0544602
0,13265	-0,054476
0,1327	-0,054523
0,13275	-0,0544916
0,1328	-0,0545074
0,13285	-0,0544136
0,1329	-0,0543974
0,13295	-0,054335
0,133	-0,0543194
0,13305	-0,054429
0,1331	-0,0543506
0,13315	-0,0543192
0,1332	-0,0543506
0,13325	-0,054147
0,1333	-0,0542722
0,13335	-0,0542254
0,1334	-0,0542094
0,13345	-0,0541938
0,1335	-0,0541154
0,13355	-0,0541626
0,1336	-0,0541938
0,13365	-0,054178
0,1337	-0,0541938
0,13375	-0,0541624
0,1338	-0,0542722
0,13385	-0,0541936
0,1339	-0,0543976
0,13395	-0,0543348
0,134	-0,0542878
0,13405	-0,0543034
0,1341	-0,0542878
0,13415	-0,0542878
0,1342	-0,0543818
0,13425	-0,0543662
0,1343	-0,054241
0,13435	-0,0543818
0,1344	-0,054429
0,13445	-0,0543662
0,1345	-0,054288
0,13455	-0,0544448
0,1346	-0,0544132
0,13465	-0,0543662
0,1347	-0,0543816
0,13475	-0,0543818
0,1348	-0,0543192
0,13485	-0,0543504
0,1349	-0,0543348
0,13495	-0,054476
0,135	-0,0543978
0,13505	-0,0542408
0,1351	-0,0544602
0,13515	-0,0542408
0,1352	-0,0544446
0,13525	-0,0543818
0,1353	-0,0543976
0,13535	-0,0546012
0,1354	-0,0543818
0,13545	-0,0545232
0,1355	-0,0545544
0,13555	-0,0545544
0,1356	-0,054523
0,13565	-0,0545544
0,1357	-0,054617
0,13575	-0,0544602
0,1358	-0,0546326
0,13585	-0,0545542
0,1359	-0,0545072
0,13595	-0,0545072
0,136	-0,0545702
0,13605	-0,0545858
0,1361	-0,05457
0,13615	-0,0545544
0,1362	-0,0545546
0,13625	-0,0544918
0,1363	-0,05468
0,13635	-0,0546642
0,1364	-0,0547896
0,13645	-0,0546328
0,1365	-0,0545858
0,13655	-0,0547584
0,1366	-0,0549308
0,13665	-0,0548368
0,1367	-0,0548524
0,13675	-0,0548368
0,1368	-0,0547894
0,13685	-0,0549932
0,1369	-0,0550092
0,13695	-0,0550248
0,137	-0,0549622
0,13705	-0,0549778
0,1371	-0,0549308
0,13715	-0,054962
0,1372	-0,0548838
0,13725	-0,054868
0,1373	-0,0549464
0,13735	-0,0549934
0,1374	-0,0550406
0,13745	-0,0549932
0,1375	-0,0548992
0,13755	-0,0549932
0,1376	-0,0549778
0,13765	-0,054962
0,1377	-0,0550718
0,13775	-0,0550718
0,1378	-0,0550248
0,13785	-0,0549934
0,1379	-0,0550094
0,13795	-0,0550404
0,138	-0,0550876
0,13805	-0,0551346
0,1381	-0,0550718
0,13815	-0,0551974
0,1382	-0,0551658
0,13825	-0,0551346
0,1383	-0,0552442
0,13835	-0,0552756
0,1384	-0,0552754
0,13845	-0,0552128
0,1385	-0,0553068
0,13855	-0,0552912
0,1386	-0,05526
0,13865	-0,0552286
0,1387	-0,0552602
0,13875	-0,0552128
0,1388	-0,055213
0,13885	-0,055307
0,1389	-0,055307
0,13895	-0,0553226
0,139	-0,0552758
0,13905	-0,0553852
0,1391	-0,0553384
0,13915	-0,0553698
0,1392	-0,0553068
0,13925	-0,0553228
0,1393	-0,0554324
0,13935	-0,0552444
0,1394	-0,0553696
0,13945	-0,05526
0,1395	-0,055213
0,13955	-0,0553854
0,1396	-0,0552444
0,13965	-0,0553386
0,1397	-0,0553226
0,13975	-0,0554012
0,1398	-0,0553698
0,13985	-0,055354
0,1399	-0,0554794
0,13995	-0,055495
0,14	-0,0554794
0,14005	-0,0556204
0,1401	-0,0554792
0,14015	-0,055589
0,1402	-0,0555106
0,14025	-0,0555576
0,1403	-0,055605
0,14035	-0,0556206
0,1404	-0,055636
0,14045	-0,0556206
0,1405	-0,0557616
0,14055	-0,055652
0,1406	-0,0556988
0,14065	-0,0556676
0,1407	-0,055699
0,14075	-0,0557616
0,1408	-0,0557774
0,14085	-0,0556362
0,1409	-0,0556364
0,14095	-0,0557458
0,141	-0,055793
0,14105	-0,0558556
0,1411	-0,05584
0,14115	-0,0559186
0,1412	-0,055981
0,14125	-0,055934
0,1413	-0,0560594
0,14135	-0,056028
0,1414	-0,0559654
0,14145	-0,0561222
0,1415	-0,0559968
0,14155	-0,055981
0,1416	-0,0559498
0,14165	-0,0559026
0,1417	-0,0560594
0,14175	-0,055887
0,1418	-0,055981
0,14185	-0,0558402
0,1419	-0,0558714
0,14195	-0,0561066
0,142	-0,055934
0,14205	-0,0558712
0,1421	-0,0558242
0,14215	-0,05584
0,1422	-0,055887
0,14225	-0,0559654
0,1423	-0,0558558
0,14235	-0,0559654
0,1424	-0,055934
0,14245	-0,0559968
0,1425	-0,055997
0,14255	-0,0559026
0,1426	-0,0559498
0,14265	-0,0559968
0,1427	-0,056138
0,14275	-0,0561378
0,1428	-0,0560752
0,14285	-0,0561536
0,1429	-0,0561378
0,14295	-0,056075
0,143	-0,0561536
0,14305	-0,055981
0,1431	-0,0561536
0,14315	-0,0560908
0,1432	-0,0561692
0,14325	-0,0560908
0,1433	-0,0561224
0,14335	-0,0561694
0,1434	-0,0559968
0,14345	-0,056091
0,1435	-0,0561066
0,14355	-0,0560752
0,1436	-0,056091
0,14365	-0,0559814
0,1437	-0,0560282
0,14375	-0,0560438
0,1438	-0,0559654
0,14385	-0,0560908
0,1439	-0,0559496
0,14395	-0,0559654
0,144	-0,055997
0,14405	-0,0559026
0,1441	-0,0559342
0,14415	-0,0559654
0,1442	-0,0559654
0,14425	-0,0559808
0,1443	-0,0559184
0,14435	-0,0559654
0,1444	-0,0560124
0,14445	-0,0559654
0,1445	-0,0559656
0,14455	-0,056091
0,1446	-0,0560122
0,14465	-0,0560908
0,1447	-0,055997
0,14475	-0,0560124
0,1448	-0,0559184
0,14485	-0,0560278
0,1449	-0,0560124
0,14495	-0,0561066
0,145	-0,0561066
0,14505	-0,0560438
0,1451	-0,0560752
0,14515	-0,056185
0,1452	-0,0560282
0,14525	-0,0561694
0,1453	-0,0560752
0,14535	-0,056091
0,1454	-0,056169
0,14545	-0,0561064
0,1455	-0,0562476
0,14555	-0,0562946
0,1456	-0,0562474
0,14565	-0,0562632
0,1457	-0,0563574
0,14575	-0,0564356
0,1458	-0,05642
0,14585	-0,0565768
0,1459	-0,0565456
0,14595	-0,0564202
0,146	-0,0565612
0,14605	-0,0564358
0,1461	-0,0564672
0,14615	-0,056373
0,1462	-0,0563416
0,14625	-0,0564358
0,1463	-0,0564358
0,14635	-0,0564514
0,1464	-0,0563416
0,14645	-0,0564672
0,1465	-0,0564984
0,14655	-0,0564358
0,1466	-0,0565454
0,14665	-0,0564202
0,1467	-0,0564672
0,14675	-0,056577
0,1468	-0,0564672
0,14685	-0,0565456
0,1469	-0,0564828
0,14695	-0,0564984
0,147	-0,0564202
0,14705	-0,0565456
0,1471	-0,0564514
0,14715	-0,0564358
0,1472	-0,0565454
0,14725	-0,0564358
0,1473	-0,0564672
0,14735	-0,0564356
0,1474	-0,0564356
0,14745	-0,0564674
0,1475	-0,05642
0,14755	-0,0564984
0,1476	-0,0564044
0,14765	-0,056514
0,1477	-0,0564828
0,14775	-0,0564516
0,1478	-0,0564826
0,14785	-0,0563416
0,1479	-0,0566084
0,14795	-0,0566396
0,148	-0,0566396
0,14805	-0,0565456
0,1481	-0,0565142
0,14815	-0,0565926
0,1482	-0,056514
0,14825	-0,0564826
0,1483	-0,0565456
0,14835	-0,0565612
0,1484	-0,0566082
0,14845	-0,056561
0,1485	-0,056671
0,14855	-0,0565454
0,1486	-0,0564984
0,14865	-0,0564984
0,1487	-0,0566238
0,14875	-0,0565454
0,1488	-0,0564826
0,14885	-0,05653
0,1489	-0,0564514
0,14895	-0,0565454
0,149	-0,056514
0,14905	-0,0564984
0,1491	-0,0564828
0,14915	-0,056577
0,1492	-0,0565142
0,14925	-0,0565614
0,1493	-0,0565768
0,14935	-0,0565926
0,1494	-0,0564828
0,14945	-0,0565142
0,1495	-0,0564044
0,14955	-0,0564984
0,1496	-0,0564984
0,14965	-0,0565456
0,1497	-0,056436
0,14975	-0,0564828
0,1498	-0,056514
0,14985	-0,0564044
0,1499	-0,0563418
0,14995	-0,0563886
0,15	-0,0563416
0,15005	-0,0564358
0,1501	-0,0564986
0,15015	-0,0565768
0,1502	-0,0564672
0,15025	-0,0564358
0,1503	-0,0565612
0,15035	-0,0565924
0,1504	-0,0566082
0,15045	-0,0565768
0,1505	-0,05653
0,15055	-0,0565454
0,1506	-0,0565456
0,15065	-0,0566082
0,1507	-0,0566554
0,15075	-0,0566082
0,1508	-0,0566236
0,15085	-0,056671
0,1509	-0,056718
0,15095	-0,0567024
0,151	-0,0566866
0,15105	-0,0566708
0,1511	-0,0566868
0,15115	-0,0565612
0,1512	-0,056671
0,15125	-0,0566396
0,1513	-0,0565924
0,15135	-0,0566866
0,1514	-0,0565612
0,15145	-0,0566082
0,1515	-0,0565456
0,15155	-0,0565926
0,1516	-0,0567024
0,15165	-0,0565612
0,1517	-0,056655
0,15175	-0,0566398
0,1518	-0,0565454
0,15185	-0,0565454
0,1519	-0,05653
0,15195	-0,0566864
0,152	-0,0566084
0,15205	-0,0566082
0,1521	-0,0566866
0,15215	-0,0565614
0,1522	-0,0566552
0,15225	-0,0565612
0,1523	-0,0565766
0,15235	-0,0566708
0,1524	-0,056718
0,15245	-0,0566238
0,1525	-0,0566706
0,15255	-0,056718
0,1526	-0,0567336
0,15265	-0,0566242
0,1527	-0,0567022
0,15275	-0,056718
0,1528	-0,0567336
0,15285	-0,0566552
0,1529	-0,056718
0,15295	-0,0565926
0,153	-0,056561
0,15305	-0,0565612
0,1531	-0,0565612
0,15315	-0,0565926
0,1532	-0,0564672
0,15325	-0,0566868
0,1533	-0,05642
0,15335	-0,056624
0,1534	-0,0564514
0,15345	-0,0565768
0,1535	-0,0566238
0,15355	-0,0564516
0,1536	-0,0565454
0,15365	-0,0564514
0,1537	-0,0565298
0,15375	-0,0564984
0,1538	-0,0564202
0,15385	-0,0564828
0,1539	-0,0564202
0,15395	-0,0564514
0,154	-0,0563728
0,15405	-0,0563572
0,1541	-0,0564358
0,15415	-0,056373
0,1542	-0,0564672
0,15425	-0,0563572
0,1543	-0,0563888
0,15435	-0,056373
0,1544	-0,0562946
0,15445	-0,0563732
0,1545	-0,056373
0,15455	-0,0565612
0,1546	-0,0564984
0,15465	-0,0566082
0,1547	-0,056671
0,15475	-0,0565454
0,1548	-0,0567336
0,15485	-0,0566554
0,1549	-0,0567494
0,15495	-0,0566082
0,155	-0,0566708
0,15505	-0,0567338
0,1551	-0,056561
0,15515	-0,0566866
0,1552	-0,0566868
0,15525	-0,056671
0,1553	-0,0567336
0,15535	-0,056718
0,1554	-0,0568122
0,15545	-0,056671
0,1555	-0,0567336
0,15555	-0,0567336
0,1556	-0,056765
0,15565	-0,0567808
0,1557	-0,0567182
0,15575	-0,0567966
0,1558	-0,0567336
0,15585	-0,0567964
0,1559	-0,0568434
0,15595	-0,0567494
0,156	-0,0566394
0,15605	-0,0567178
0,1561	-0,0566708
0,15615	-0,0566398
0,1562	-0,0567022
0,15625	-0,0566396
0,1563	-0,0567024
0,15635	-0,0566398
0,1564	-0,0567182
0,15645	-0,056577
0,1565	-0,056671
0,15655	-0,0566398
0,1566	-0,0566708
0,15665	-0,0567808
0,1567	-0,0567964
0,15675	-0,0567336
0,1568	-0,0567338
0,15685	-0,05653
0,1569	-0,0567494
0,15695	-0,0567024
0,157	-0,0565766
0,15705	-0,0567336
0,1571	-0,0565768
0,15715	-0,0566552
0,1572	-0,0566398
0,15725	-0,0566082
0,1573	-0,056765
0,15735	-0,0565142
0,1574	-0,0566082
0,15745	-0,0566082
0,1575	-0,0566708
0,15755	-0,0566394
0,1576	-0,0565298
0,15765	-0,0565612
0,1577	-0,0564672
0,15775	-0,0564674
0,1578	-0,0566084
0,15785	-0,0564356
0,1579	-0,0564514
0,15795	-0,0563888
0,158	-0,0564046
0,15805	-0,0564986
0,1581	-0,0563416
0,15815	-0,056279
0,1582	-0,0562632
0,15825	-0,0563102
0,1583	-0,0563262
0,15835	-0,056326
0,1584	-0,0562318
0,15845	-0,0564356
0,1585	-0,056232
0,15855	-0,0563102
0,1586	-0,0562792
0,15865	-0,0563104
0,1587	-0,0563888
0,15875	-0,056279
0,1588	-0,0563888
0,15885	-0,0564044
0,1589	-0,0563728
0,15895	-0,0564514
0,159	-0,0563102
0,15905	-0,0563886
0,1591	-0,0564358
0,15915	-0,0565298
0,1592	-0,0565926
0,15925	-0,056467
0,1593	-0,0565612
0,15935	-0,0564826
0,1594	-0,0566238
0,15945	-0,056577
0,1595	-0,0565142
0,15955	-0,0565768
0,1596	-0,0564982
0,15965	-0,0565456
0,1597	-0,056577
0,15975	-0,0565298
0,1598	-0,0565296
0,15985	-0,0565296
0,1599	-0,0565142
0,15995	-0,056577
0,16	-0,05653
0,16005	-0,0565142
0,1601	-0,0566082
0,16015	-0,0565768
0,1602	-0,0566238
0,16025	-0,056624
0,1603	-0,0565614
0,16035	-0,056608
0,1604	-0,0565298
0,16045	-0,0566082
0,1605	-0,0564828
0,16055	-0,0565456
0,1606	-0,0565456
0,16065	-0,0564202
0,1607	-0,05653
0,16075	-0,0565454
0,1608	-0,0565612
0,16085	-0,0566394
0,1609	-0,0563728
0,16095	-0,0565296
0,161	-0,0564672
0,16105	-0,056483
0,1611	-0,0564514
0,16115	-0,0563572
0,1612	-0,0565612
0,16125	-0,0564042
0,1613	-0,0564514
0,16135	-0,0564986
0,1614	-0,0563104
0,16145	-0,0563886
0,1615	-0,0563572
0,16155	-0,0564042
0,1616	-0,0564356
0,16165	-0,0562948
0,1617	-0,05642
0,16175	-0,056342
0,1618	-0,0562948
0,16185	-0,0563576
0,1619	-0,0563104
0,16195	-0,0562164
0,162	-0,0562634
0,16205	-0,0562162
0,1621	-0,0562946
0,16215	-0,0562632
0,1622	-0,056138
0,16225	-0,056138
0,1623	-0,0561848
0,16235	-0,0563574
0,1624	-0,0563418
0,16245	-0,0563574
0,1625	-0,0563418
0,16255	-0,0562946
0,1626	-0,0563258
0,16265	-0,0562632
0,1627	-0,056169
0,16275	-0,0563886
0,1628	-0,0560752
0,16285	-0,0562632
0,1629	-0,0562946
0,16295	-0,056295
0,163	-0,0563104
0,16305	-0,0562006
0,1631	-0,0562632
0,16315	-0,0562162
0,1632	-0,0562006
0,16325	-0,0562946
0,1633	-0,0561064
0,16335	-0,0562318
0,1634	-0,0561848
0,16345	-0,0561064
0,1635	-0,0562006
0,16355	-0,056091
0,1636	-0,0562162
0,16365	-0,056185
0,1637	-0,0562004
0,16375	-0,0563732
0,1638	-0,0562318
0,16385	-0,0563258
0,1639	-0,0564514
0,16395	-0,0562948
0,164	-0,0563886
0,16405	-0,0563258
0,1641	-0,056326
0,16415	-0,0564514
0,1642	-0,056373
0,16425	-0,0564516
0,1643	-0,0563102
0,16435	-0,0564202
0,1644	-0,0564356
0,16445	-0,0561692
0,1645	-0,056326
0,16455	-0,0563258
0,1646	-0,0564514
0,16465	-0,0564516
0,1647	-0,0562632
0,16475	-0,0564672
0,1648	-0,0563888
0,16485	-0,0563572
0,1649	-0,0564674
0,16495	-0,0563418
0,165	-0,0564356
0,16505	-0,0564514
0,1651	-0,0564356
0,16515	-0,0565298
0,1652	-0,0562788
0,16525	-0,0564046
0,1653	-0,0564198
0,16535	-0,0564358
0,1654	-0,0564826
0,16545	-0,0562946
0,1655	-0,0564828
0,16555	-0,0564828
0,1656	-0,0564514
0,16565	-0,0565614
0,1657	-0,05642
0,16575	-0,056373
0,1658	-0,0564672
0,16585	-0,0562948
0,1659	-0,0565298
0,16595	-0,0564042
0,166	-0,0564516
0,16605	-0,056373
0,1661	-0,0562634
0,16615	-0,0563572
0,1662	-0,0561692
0,16625	-0,0561692
0,1663	-0,0561848
0,16635	-0,0560596
0,1664	-0,056326
0,16645	-0,0560752
0,1665	-0,0561692
0,16655	-0,056169
0,1666	-0,0558716
0,16665	-0,0560436
0,1667	-0,0559184
0,16675	-0,0559028
0,1668	-0,055934
0,16685	-0,0558716
0,1669	-0,0559812
0,16695	-0,0560126
0,167	-0,0559026
0,16705	-0,055934
0,1671	-0,055887
0,16715	-0,0559496
0,1672	-0,0559654
0,16725	-0,0558088
0,1673	-0,0559498
0,16735	-0,0558714
0,1674	-0,0559812
0,16745	-0,0558714
0,1675	-0,055699
0,16755	-0,055934
0,1676	-0,0556676
0,16765	-0,0557932
0,1677	-0,05584
0,16775	-0,0556518
0,1678	-0,05584
0,16785	-0,0556676
0,1679	-0,055746
0,16795	-0,0556676
0,168	-0,055605
0,16805	-0,0557458
0,1681	-0,055558
0,16815	-0,0557618
0,1682	-0,0558244
0,16825	-0,055699
0,1683	-0,0559028
0,16835	-0,0557772
0,1684	-0,0560592
0,16845	-0,0559654
0,1685	-0,0558086
0,16855	-0,0560124
0,1686	-0,055887
0,16865	-0,0559026
0,1687	-0,056044
0,16875	-0,055934
0,1688	-0,0561222
0,16885	-0,0559656
0,1689	-0,0559342
0,16895	-0,0559656
0,169	-0,0559968
0,16905	-0,056044
0,1691	-0,0559654
0,16915	-0,0559182
0,1692	-0,0560438
0,16925	-0,0559028
0,1693	-0,0560282
0,16935	-0,0559966
0,1694	-0,0559342
0,16945	-0,0560438
0,1695	-0,0558088
0,16955	-0,0559968
0,1696	-0,0559186
0,16965	-0,055699
0,1697	-0,055981
0,16975	-0,0558556
0,1698	-0,055934
0,16985	-0,0559026
0,1699	-0,0558088
0,16995	-0,0560754
0,17	-0,0557616
0,17005	-0,055934
0,1701	-0,0559184
0,17015	-0,0557614
0,1702	-0,0559186
0,17025	-0,055699
0,1703	-0,0559968
0,17035	-0,0557304
0,1704	-0,0558246
0,17045	-0,0559186
0,1705	-0,0557302
0,17055	-0,0557616
0,1706	-0,055793
0,17065	-0,0556676
0,1707	-0,05584
0,17075	-0,0556988
0,1708	-0,0556832
0,17085	-0,0557304
0,1709	-0,0557302
0,17095	-0,0557148
0,171	-0,0556204
0,17105	-0,0554794
0,1711	-0,0556518
0,17115	-0,055495
0,1712	-0,0555578
0,17125	-0,0554168
0,1713	-0,055401
0,17135	-0,0555266
0,1714	-0,0553696
0,17145	-0,0555266
0,1715	-0,055448
0,17155	-0,0554166
0,1716	-0,0555108
0,17165	-0,0552912
0,1717	-0,0554324
0,17175	-0,0554796
0,1718	-0,0553696
0,17185	-0,055558
0,1719	-0,0553854
0,17195	-0,0554326
0,172	-0,0554326
0,17205	-0,0552756
0,1721	-0,0555422
0,17215	-0,0553382
0,1722	-0,0553696
0,17225	-0,055495
0,1723	-0,0553856
0,17235	-0,0554324
0,1724	-0,0554168
0,17245	-0,0551816
0,1725	-0,0554324
0,17255	-0,055307
0,1726	-0,0553696
0,17265	-0,055448
0,1727	-0,0554638
0,17275	-0,0555108
0,1728	-0,055401
0,17285	-0,0556048
0,1729	-0,0555264
0,17295	-0,0554952
0,173	-0,0556518
0,17305	-0,0555266
0,1731	-0,0556674
0,17315	-0,0555894
0,1732	-0,0556206
0,17325	-0,0558868
0,1733	-0,0556676
0,17335	-0,055699
0,1734	-0,0556362
0,17345	-0,0556678
0,1735	-0,055887
0,17355	-0,0557304
0,1736	-0,0559496
0,17365	-0,0557774
0,1737	-0,0557772
0,17375	-0,0559028
0,1738	-0,0556674
0,17385	-0,0559184
0,1739	-0,0557618
0,17395	-0,0557776
0,174	-0,0557774
0,17405	-0,055605
0,1741	-0,0557618
0,17415	-0,0556204
0,1742	-0,055699
0,17425	-0,0557306
0,1743	-0,055605
0,17435	-0,055699
0,1744	-0,0557146
0,17445	-0,0555892
0,1745	-0,0556518
0,17455	-0,055558
0,1746	-0,0555578
0,17465	-0,0556834
0,1747	-0,0555892
0,17475	-0,0556048
0,1748	-0,055542
0,17485	-0,0555578
0,1749	-0,0556834
0,17495	-0,0554794
0,175	-0,0555108
0,17505	-0,0554792
0,1751	-0,0555266
0,17515	-0,0555736
0,1752	-0,0554636
0,17525	-0,055495
0,1753	-0,0554636
