0	-0,0592275
0,00005	-0,0592688
0,0001	-0,0593012
0,00015	-0,0593188
0,0002	-0,0593175
0,00025	-0,0592988
0,0003	-0,0592663
0,00035	-0,0592288
0,0004	-0,0592025
0,00045	-0,0591912
0,0005	-0,0591937
0,00055	-0,059215
0,0006	-0,0592462
0,00065	-0,05928
0,0007	-0,059315
0,00075	-0,0593463
0,0008	-0,05937
0,00085	-0,0593875
0,0009	-0,0594038
0,00095	-0,0594263
0,001	-0,0594625
0,00105	-0,05951
0,0011	-0,059565
0,00115	-0,0596212
0,0012	-0,059675
0,00125	-0,059725
0,0013	-0,0597688
0,00135	-0,0598075
0,0014	-0,0598362
0,00145	-0,0598513
0,0015	-0,059855
0,00155	-0,059855
0,0016	-0,0598513
0,00165	-0,0598475
0,0017	-0,0598425
0,00175	-0,0598375
0,0018	-0,0598338
0,00185	-0,059835
0,0019	-0,0598462
0,00195	-0,0598712
0,002	-0,0599075
0,00205	-0,0599487
0,0021	-0,0599812
0,00215	-0,0599975
0,0022	-0,0599938
0,00225	-0,0599663
0,0023	-0,0599212
0,00235	-0,0598687
0,0024	-0,0598137
0,00245	-0,0597587
0,0025	-0,0597125
0,00255	-0,0596762
0,0026	-0,05965
0,00265	-0,0596325
0,0027	-0,0596187
0,00275	-0,0596075
0,0028	-0,0596025
0,00285	-0,0596
0,0029	-0,0596
0,00295	-0,059595
0,003	-0,0595837
0,00305	-0,0595637
0,0031	-0,0595425
0,00315	-0,0595238
0,0032	-0,0595113
0,00325	-0,0595012
0,0033	-0,0594925
0,00335	-0,0594825
0,0034	-0,0594725
0,00345	-0,0594613
0,0035	-0,0594512
0,00355	-0,059445
0,0036	-0,0594462
0,00365	-0,0594563
0,0037	-0,0594775
0,00375	-0,0595062
0,0038	-0,0595362
0,00385	-0,059555
0,0039	-0,05956
0,00395	-0,0595525
0,004	-0,059525
0,00405	-0,0594888
0,0041	-0,0594538
0,00415	-0,05943
0,0042	-0,0594175
0,00425	-0,0594187
0,0043	-0,05943
0,00435	-0,0594475
0,0044	-0,0594638
0,00445	-0,0594725
0,0045	-0,0594737
0,00455	-0,059465
0,0046	-0,0594475
0,00465	-0,0594263
0,0047	-0,0594038
0,00475	-0,059385
0,0048	-0,059375
0,00485	-0,0593713
0,0049	-0,0593725
0,00495	-0,0593775
0,005	-0,0593875
0,00505	-0,0594013
0,0051	-0,0594162
0,00515	-0,0594325
0,0052	-0,0594475
0,00525	-0,0594625
0,0053	-0,05948
0,00535	-0,0595012
0,0054	-0,0595312
0,00545	-0,0595788
0,0055	-0,0596475
0,00555	-0,0597388
0,0056	-0,05984
0,00565	-0,0599388
0,0057	-0,06002
0,00575	-0,0600825
0,0058	-0,0601275
0,00585	-0,06016
0,0059	-0,0601837
0,00595	-0,0601975
0,006	-0,0602062
0,00605	-0,0602112
0,0061	-0,060215
0,00615	-0,0602188
0,0062	-0,06022
0,00625	-0,06022
0,0063	-0,0602112
0,00635	-0,0601938
0,0064	-0,0601688
0,00645	-0,0601388
0,0065	-0,0601088
0,00655	-0,060085
0,0066	-0,06007
0,00665	-0,0600625
0,0067	-0,0600588
0,00675	-0,0600563
0,0068	-0,0600475
0,00685	-0,0600263
0,0069	-0,0599875
0,00695	-0,0599363
0,007	-0,0598825
0,00705	-0,0598387
0,0071	-0,0598137
0,00715	-0,0598087
0,0072	-0,0598125
0,00725	-0,0598175
0,0073	-0,05982
0,00735	-0,0598162
0,0074	-0,0598013
0,00745	-0,0597775
0,0075	-0,0597463
0,00755	-0,05971
0,0076	-0,0596725
0,00765	-0,0596375
0,0077	-0,0596025
0,00775	-0,0595713
0,0078	-0,05954
0,00785	-0,0595087
0,0079	-0,0594813
0,00795	-0,0594588
0,008	-0,0594462
0,00805	-0,0594475
0,0081	-0,0594588
0,00815	-0,0594737
0,0082	-0,0594838
0,00825	-0,0594838
0,0083	-0,0594737
0,00835	-0,0594588
0,0084	-0,0594475
0,00845	-0,0594425
0,0085	-0,0594437
0,00855	-0,0594538
0,0086	-0,0594663
0,00865	-0,05948
0,0087	-0,0594863
0,00875	-0,0594888
0,0088	-0,0594888
0,00885	-0,059485
0,0089	-0,0594825
0,00895	-0,0594838
0,009	-0,0594913
0,00905	-0,0595037
0,0091	-0,0595175
0,00915	-0,0595275
0,0092	-0,0595287
0,00925	-0,0595275
0,0093	-0,05952
0,00935	-0,05951
0,0094	-0,059495
0,00945	-0,0594737
0,0095	-0,0594475
0,00955	-0,05942
0,0096	-0,0593975
0,00965	-0,059385
0,0097	-0,0593788
0,00975	-0,0593825
0,0098	-0,0594013
0,00985	-0,0594425
0,0099	-0,0595062
0,00995	-0,0595887
0,01	-0,05969
0,01005	-0,0598038
0,0101	-0,0599175
0,01015	-0,0600213
0,0102	-0,060105
0,01025	-0,0601675
0,0103	-0,0602125
0,01035	-0,0602488
0,0104	-0,0602825
0,01045	-0,0603225
0,0105	-0,0603675
0,01055	-0,0604163
0,0106	-0,06046
0,01065	-0,0604962
0,0107	-0,0605212
0,01075	-0,0605363
0,0108	-0,0605425
0,01085	-0,0605425
0,0109	-0,0605338
0,01095	-0,0605212
0,011	-0,0605063
0,01105	-0,0604862
0,0111	-0,0604575
0,01115	-0,0604188
0,0112	-0,06037
0,01125	-0,0603125
0,0113	-0,0602488
0,01135	-0,060175
0,0114	-0,0600875
0,01145	-0,0599837
0,0115	-0,0598712
0,01155	-0,0597562
0,0116	-0,05965
0,01165	-0,059555
0,0117	-0,0594725
0,01175	-0,0594
0,0118	-0,0593387
0,01185	-0,05929
0,0119	-0,0592575
0,01195	-0,0592413
0,012	-0,0592413
0,01205	-0,0592512
0,0121	-0,05927
0,01215	-0,0592888
0,0122	-0,0593087
0,01225	-0,059325
0,0123	-0,0593362
0,01235	-0,0593438
0,0124	-0,0593513
0,01245	-0,0593637
0,0125	-0,0593788
0,01255	-0,0593887
0,0126	-0,05939
0,01265	-0,059375
0,0127	-0,059325
0,01275	-0,0592475
0,0128	-0,05915
0,01285	-0,0590487
0,0129	-0,0589625
0,01295	-0,0588975
0,013	-0,0588562
0,01305	-0,0588375
0,0131	-0,0588325
0,01315	-0,0588325
0,0132	-0,0588425
0,01325	-0,0588587
0,0133	-0,058885
0,01335	-0,0589263
0,0134	-0,05898
0,01345	-0,05904
0,0135	-0,0590963
0,01355	-0,0591425
0,0136	-0,0591725
0,01365	-0,0591862
0,0137	-0,0591912
0,01375	-0,0591912
0,0138	-0,0591912
0,01385	-0,059195
0,0139	-0,0592075
0,01395	-0,0592275
0,014	-0,0592512
0,01405	-0,0592725
0,0141	-0,0592875
0,01415	-0,059295
0,0142	-0,0592938
0,01425	-0,059285
0,0143	-0,0592712
0,01435	-0,0592575
0,0144	-0,0592512
0,01445	-0,0592525
0,0145	-0,0592675
0,01455	-0,0593012
0,0146	-0,0593488
0,01465	-0,0593988
0,0147	-0,0594363
0,01475	-0,0594588
0,0148	-0,0594762
0,01485	-0,0594987
0,0149	-0,05953
0,01495	-0,0595675
0,015	-0,0596025
0,01505	-0,0596325
0,0151	-0,0596625
0,01515	-0,0597025
0,0152	-0,0597537
0,01525	-0,059815
0,0153	-0,0598725
0,01535	-0,0599175
0,0154	-0,0599438
0,01545	-0,059955
0,0155	-0,059955
0,01555	-0,0599438
0,0156	-0,059925
0,01565	-0,0599037
0,0157	-0,0598788
0,01575	-0,0598538
0,0158	-0,0598263
0,01585	-0,059795
0,0159	-0,0597512
0,01595	-0,0596875
0,016	-0,0596063
0,01605	-0,0595163
0,0161	-0,0594363
0,01615	-0,059375
0,0162	-0,0593362
0,01625	-0,0593138
0,0163	-0,0593012
0,01635	-0,0592875
0,0164	-0,0592675
0,01645	-0,0592375
0,0165	-0,0592
0,01655	-0,0591625
0,0166	-0,05913
0,01665	-0,0591075
0,0167	-0,0590963
0,01675	-0,0590925
0,0168	-0,0590913
0,01685	-0,0590913
0,0169	-0,05909
0,01695	-0,0590812
0,017	-0,0590663
0,01705	-0,0590512
0,0171	-0,0590425
0,01715	-0,0590425
0,0172	-0,0590512
0,01725	-0,0590675
0,0173	-0,0590862
0,01735	-0,0591013
0,0174	-0,0591087
0,01745	-0,0591087
0,0175	-0,0591
0,01755	-0,0590888
0,0176	-0,0590762
0,01765	-0,0590675
0,0177	-0,0590675
0,01775	-0,0590775
0,0178	-0,0590988
0,01785	-0,0591263
0,0179	-0,0591525
0,01795	-0,0591675
0,018	-0,05917
0,01805	-0,0591637
0,0181	-0,0591438
0,01815	-0,0591175
0,0182	-0,0590938
0,01825	-0,059075
0,0183	-0,0590588
0,01835	-0,0590438
0,0184	-0,059025
0,01845	-0,059005
0,0185	-0,05899
0,01855	-0,0589825
0,0186	-0,0589838
0,01865	-0,0589962
0,0187	-0,059015
0,01875	-0,05903
0,0188	-0,0590363
0,01885	-0,0590313
0,0189	-0,0590125
0,01895	-0,0589875
0,019	-0,0589725
0,01905	-0,0589738
0,0191	-0,0589987
0,01915	-0,0590487
0,0192	-0,0591163
0,01925	-0,0591925
0,0193	-0,05927
0,01935	-0,0593438
0,0194	-0,0594063
0,01945	-0,0594487
0,0195	-0,05947
0,01955	-0,0594737
0,0196	-0,0594675
0,01965	-0,0594588
0,0197	-0,0594538
0,01975	-0,0594538
0,0198	-0,0594563
0,01985	-0,05946
0,0199	-0,0594625
0,01995	-0,0594625
0,02	-0,0594563
0,02005	-0,059445
0,0201	-0,0594338
0,02015	-0,0594275
0,0202	-0,0594275
0,02025	-0,059435
0,0203	-0,059445
0,02035	-0,05945
0,0204	-0,0594437
0,02045	-0,0594125
0,0205	-0,0593513
0,02055	-0,0592625
0,0206	-0,05916
0,02065	-0,0590638
0,0207	-0,0589825
0,02075	-0,05892
0,0208	-0,0588787
0,02085	-0,058855
0,0209	-0,0588463
0,02095	-0,0588438
0,021	-0,0588438
0,02105	-0,058845
0,0211	-0,0588438
0,02115	-0,0588413
0,0212	-0,0588363
0,02125	-0,0588287
0,0213	-0,0588188
0,02135	-0,05881
0,0214	-0,0588037
0,02145	-0,058805
0,0215	-0,0588113
0,02155	-0,0588225
0,0216	-0,058835
0,02165	-0,0588438
0,0217	-0,058845
0,02175	-0,05884
0,0218	-0,0588262
0,02185	-0,0588075
0,0219	-0,0587875
0,02195	-0,0587737
0,022	-0,058765
0,02205	-0,0587625
0,0221	-0,0587625
0,02215	-0,0587637
0,0222	-0,0587637
0,02225	-0,0587563
0,0223	-0,0587425
0,02235	-0,058725
0,0224	-0,058705
0,02245	-0,0586812
0,0225	-0,0586488
0,02255	-0,05861
0,0226	-0,0585737
0,02265	-0,058555
0,0227	-0,0585588
0,02275	-0,05859
0,0228	-0,0586363
0,02285	-0,0586812
0,0229	-0,0587137
0,02295	-0,0587288
0,023	-0,05873
0,02305	-0,0587238
0,0231	-0,0587112
0,02315	-0,0586912
0,0232	-0,0586675
0,02325	-0,05864
0,0233	-0,0586188
0,02335	-0,0586088
0,0234	-0,058615
0,02345	-0,058645
0,0235	-0,0586988
0,02355	-0,058765
0,0236	-0,0588338
0,02365	-0,05889
0,0237	-0,058935
0,02375	-0,0589675
0,0238	-0,0589962
0,02385	-0,0590225
0,0239	-0,0590438
0,02395	-0,059055
0,024	-0,0590512
0,02405	-0,0590237
0,0241	-0,0589725
0,02415	-0,05891
0,0242	-0,058855
0,02425	-0,0588237
0,0243	-0,0588237
0,02435	-0,0588512
0,0244	-0,0589025
0,02445	-0,0589588
0,0245	-0,0590025
0,02455	-0,0590313
0,0246	-0,0590475
0,02465	-0,0590625
0,0247	-0,05909
0,02475	-0,0591425
0,0248	-0,05922
0,02485	-0,0593125
0,0249	-0,0594
0,02495	-0,059465
0,025	-0,0594963
0,02505	-0,059495
0,0251	-0,0594563
0,02515	-0,059385
0,0252	-0,059295
0,02525	-0,059195
0,0253	-0,0591
0,02535	-0,059015
0,0254	-0,0589488
0,02545	-0,0588988
0,0255	-0,0588613
0,02555	-0,0588312
0,0256	-0,058805
0,02565	-0,0587775
0,0257	-0,0587437
0,02575	-0,0587038
0,0258	-0,05866
0,02585	-0,0586175
0,0259	-0,0585813
0,02595	-0,0585538
0,026	-0,0585338
0,02605	-0,05852
0,0261	-0,058515
0,02615	-0,0585162
0,0262	-0,058525
0,02625	-0,0585338
0,0263	-0,0585387
0,02635	-0,0585425
0,0264	-0,0585462
0,02645	-0,0585638
0,0265	-0,0586012
0,02655	-0,0586562
0,0266	-0,0587162
0,02665	-0,0587737
0,0267	-0,05882
0,02675	-0,058855
0,0268	-0,0588787
0,02685	-0,0588938
0,0269	-0,0589038
0,02695	-0,0589075
0,027	-0,0589087
0,02705	-0,0589075
0,0271	-0,0589025
0,02715	-0,0588913
0,0272	-0,0588762
0,02725	-0,058865
0,0273	-0,0588625
0,02735	-0,05887
0,0274	-0,0588938
0,02745	-0,0589188
0,0275	-0,0589325
0,02755	-0,0589263
0,0276	-0,0588963
0,02765	-0,058855
0,0277	-0,0588212
0,02775	-0,0588025
0,0278	-0,0587975
0,02785	-0,0588
0,0279	-0,0588037
0,02795	-0,058805
0,028	-0,0588012
0,02805	-0,05879
0,0281	-0,05878
0,02815	-0,0587775
0,0282	-0,058785
0,02825	-0,058815
0,0283	-0,0588625
0,02835	-0,0589112
0,0284	-0,0589513
0,02845	-0,0589775
0,0285	-0,0589937
0,02855	-0,059005
0,0286	-0,059015
0,02865	-0,0590225
0,0287	-0,05903
0,02875	-0,0590363
0,0288	-0,0590413
0,02885	-0,0590487
0,0289	-0,0590537
0,02895	-0,0590537
0,029	-0,0590462
0,02905	-0,0590287
0,0291	-0,0590063
0,02915	-0,0589863
0,0292	-0,0589725
0,02925	-0,0589637
0,0293	-0,0589563
0,02935	-0,0589437
0,0294	-0,0589188
0,02945	-0,0588762
0,0295	-0,0588138
0,02955	-0,058735
0,0296	-0,0586463
0,02965	-0,0585588
0,0297	-0,0584825
0,02975	-0,0584238
0,0298	-0,058385
0,02985	-0,05836
0,0299	-0,058345
0,02995	-0,05833
0,03	-0,0583125
0,03005	-0,0582875
0,0301	-0,0582538
0,03015	-0,0582138
0,0302	-0,0581712
0,03025	-0,0581313
0,0303	-0,0580937
0,03035	-0,0580612
0,0304	-0,058035
0,03045	-0,0580125
0,0305	-0,0579963
0,03055	-0,057985
0,0306	-0,057975
0,03065	-0,0579638
0,0307	-0,0579525
0,03075	-0,0579388
0,0308	-0,057925
0,03085	-0,0579138
0,0309	-0,057905
0,03095	-0,0578987
0,031	-0,0578937
0,03105	-0,0578863
0,0311	-0,0578738
0,03115	-0,0578563
0,0312	-0,0578362
0,03125	-0,05782
0,0313	-0,0578075
0,03135	-0,0577988
0,0314	-0,05779
0,03145	-0,0577825
0,0315	-0,0577738
0,03155	-0,0577637
0,0316	-0,0577525
0,03165	-0,0577425
0,0317	-0,0577362
0,03175	-0,0577375
0,0318	-0,0577425
0,03185	-0,05775
0,0319	-0,057755
0,03195	-0,057755
0,032	-0,0577512
0,03205	-0,0577487
0,0321	-0,0577475
0,03215	-0,0577525
0,0322	-0,05777
0,03225	-0,057795
0,0323	-0,05782
0,03235	-0,057835
0,0324	-0,0578375
0,03245	-0,0578288
0,0325	-0,0578025
0,03255	-0,05777
0,0326	-0,05775
0,03265	-0,0577463
0,0327	-0,0577663
0,03275	-0,0578237
0,0328	-0,0579113
0,03285	-0,0580137
0,0329	-0,0581125
0,03295	-0,058195
0,033	-0,058255
0,03305	-0,0582925
0,0331	-0,0583125
0,03315	-0,0583212
0,0332	-0,0583212
0,03325	-0,0583125
0,0333	-0,0582975
0,03335	-0,05828
0,0334	-0,0582688
0,03345	-0,058265
0,0335	-0,0582662
0,03355	-0,058275
0,0336	-0,0582825
0,03365	-0,0582837
0,0337	-0,0582775
0,03375	-0,05825
0,0338	-0,0582025
0,03385	-0,0581487
0,0339	-0,0581013
0,03395	-0,0580675
0,034	-0,0580438
0,03405	-0,0580225
0,0341	-0,057995
0,03415	-0,0579575
0,0342	-0,0579113
0,03425	-0,0578513
0,0343	-0,057785
0,03435	-0,0577212
0,0344	-0,0576712
0,03445	-0,0576425
0,0345	-0,0576325
0,03455	-0,0576313
0,0346	-0,0576375
0,03465	-0,0576425
0,0347	-0,0576463
0,03475	-0,057645
0,0348	-0,0576313
0,03485	-0,0576013
0,0349	-0,0575525
0,03495	-0,057495
0,035	-0,057445
0,03505	-0,0574175
0,0351	-0,0574112
0,03515	-0,0574187
0,0352	-0,0574387
0,03525	-0,05746
0,0353	-0,0574775
0,03535	-0,0574888
0,0354	-0,057495
0,03545	-0,0574975
0,0355	-0,0574987
0,03555	-0,0574962
0,0356	-0,0574913
0,03565	-0,05748
0,0357	-0,0574675
0,03575	-0,057455
0,0358	-0,0574438
0,03585	-0,0574363
0,0359	-0,057435
0,03595	-0,0574363
0,036	-0,0574425
0,03605	-0,057455
0,0361	-0,0574662
0,03615	-0,0574737
0,0362	-0,0574775
0,03625	-0,05748
0,0363	-0,0574813
0,03635	-0,05748
0,0364	-0,0574763
0,03645	-0,0574662
0,0365	-0,0574475
0,03655	-0,05742
0,0366	-0,0573888
0,03665	-0,0573513
0,0367	-0,0573137
0,03675	-0,0572762
0,0368	-0,0572463
0,03685	-0,0572262
0,0369	-0,0572162
0,03695	-0,0572162
0,037	-0,0572262
0,03705	-0,05725
0,0371	-0,0572862
0,03715	-0,0573325
0,0372	-0,05739
0,03725	-0,0574575
0,0373	-0,0575363
0,03735	-0,0576188
0,0374	-0,0576962
0,03745	-0,0577613
0,0375	-0,0578075
0,03755	-0,0578313
0,0376	-0,057835
0,03765	-0,0578263
0,0377	-0,0577975
0,03775	-0,0577537
0,0378	-0,0577013
0,03785	-0,0576537
0,0379	-0,0576212
0,03795	-0,0576075
0,038	-0,0576038
0,03805	-0,0576063
0,0381	-0,05761
0,03815	-0,057615
0,0382	-0,0576238
0,03825	-0,0576387
0,0383	-0,0576588
0,03835	-0,0576788
0,0384	-0,0576912
0,03845	-0,057695
0,0385	-0,0576863
0,03855	-0,05765
0,0386	-0,05759
0,03865	-0,057515
0,0387	-0,05744
0,03875	-0,0573775
0,0388	-0,0573312
0,03885	-0,0573025
0,0389	-0,0572838
0,03895	-0,0572712
0,039	-0,0572587
0,03905	-0,0572425
0,0391	-0,0572188
0,03915	-0,057185
0,0392	-0,057145
0,03925	-0,0571025
0,0393	-0,0570675
0,03935	-0,057045
0,0394	-0,0570363
0,03945	-0,057035
0,0395	-0,0570388
0,03955	-0,0570425
0,0396	-0,0570413
0,03965	-0,0570287
0,0397	-0,0570075
0,03975	-0,056985
0,0398	-0,0569725
0,03985	-0,05697
0,0399	-0,056975
0,03995	-0,0569875
0,04	-0,0569988
0,04005	-0,0570038
0,0401	-0,0570025
0,04015	-0,0569912
0,0402	-0,0569713
0,04025	-0,0569475
0,0403	-0,0569263
0,04035	-0,0569125
0,0404	-0,0569062
0,04045	-0,0569062
0,0405	-0,0569137
0,04055	-0,05692
0,0406	-0,05692
0,04065	-0,0569062
0,0407	-0,0568775
0,04075	-0,0568375
0,0408	-0,0567937
0,04085	-0,0567538
0,0409	-0,0567238
0,04095	-0,056705
0,041	-0,056695
0,04105	-0,056695
0,0411	-0,0566988
0,04115	-0,0567038
0,0412	-0,0567075
0,04125	-0,05671
0,0413	-0,0567112
0,04135	-0,0567075
0,0414	-0,056695
0,04145	-0,0566725
0,0415	-0,05664
0,04155	-0,0566038
0,0416	-0,056575
0,04165	-0,0565625
0,0417	-0,0565675
0,04175	-0,056605
0,0418	-0,0566675
0,04185	-0,0567463
0,0419	-0,056825
0,04195	-0,05689
0,042	-0,056935
0,04205	-0,0569575
0,0421	-0,0569663
0,04215	-0,05697
0,0422	-0,0569737
0,04225	-0,0569862
0,0423	-0,0570113
0,04235	-0,0570437
0,0424	-0,0570787
0,04245	-0,0571062
0,0425	-0,0571213
0,04255	-0,057125
0,0426	-0,0571225
0,04265	-0,0571125
0,0427	-0,0571
0,04275	-0,057095
0,0428	-0,057095
0,04285	-0,0570988
0,0429	-0,0571012
0,04295	-0,0570975
0,043	-0,0570837
0,04305	-0,057065
0,0431	-0,0570475
0,04315	-0,0570363
0,0432	-0,0570313
0,04325	-0,0570275
0,0433	-0,05702
0,04335	-0,0570012
0,0434	-0,05697
0,04345	-0,056935
0,0435	-0,0569025
0,04355	-0,056875
0,0436	-0,0568563
0,04365	-0,0568438
0,0437	-0,0568388
0,04375	-0,0568413
0,0438	-0,0568537
0,04385	-0,0568737
0,0439	-0,0568975
0,04395	-0,0569213
0,044	-0,0569425
0,04405	-0,0569637
0,0441	-0,0569825
0,04415	-0,0569975
0,0442	-0,0570075
0,04425	-0,0570125
0,0443	-0,0570088
0,04435	-0,0569912
0,0444	-0,05696
0,04445	-0,0569163
0,0445	-0,05687
0,04455	-0,05683
0,0446	-0,0568013
0,04465	-0,0567813
0,0447	-0,0567637
0,04475	-0,0567437
0,0448	-0,056715
0,04485	-0,0566775
0,0449	-0,0566325
0,04495	-0,0565863
0,045	-0,0565438
0,04505	-0,0565075
0,0451	-0,0564812
0,04515	-0,0564663
0,0452	-0,0564575
0,04525	-0,0564525
0,0453	-0,0564425
0,04535	-0,0564262
0,0454	-0,0564013
0,04545	-0,0563725
0,0455	-0,0563412
0,04555	-0,0563125
0,0456	-0,0562875
0,04565	-0,0562662
0,0457	-0,0562475
0,04575	-0,056235
0,0458	-0,0562313
0,04585	-0,0562363
0,0459	-0,0562625
0,04595	-0,056305
0,046	-0,0563487
0,04605	-0,0563812
0,0461	-0,0564013
0,04615	-0,0564113
0,0462	-0,0564225
0,04625	-0,0564438
0,0463	-0,0564812
0,04635	-0,05653
0,0464	-0,056585
0,04645	-0,0566375
0,0465	-0,0566837
0,04655	-0,05672
0,0466	-0,0567487
0,04665	-0,0567688
0,0467	-0,05678
0,04675	-0,0567875
0,0468	-0,0567925
0,04685	-0,056795
0,0469	-0,0567963
0,04695	-0,0568
0,047	-0,056805
0,04705	-0,0568163
0,0471	-0,0568312
0,04715	-0,0568413
0,0472	-0,0568438
0,04725	-0,0568362
0,0473	-0,05681
0,04735	-0,0567725
0,0474	-0,056735
0,04745	-0,056705
0,0475	-0,056685
0,04755	-0,05667
0,0476	-0,05665
0,04765	-0,0566138
0,0477	-0,0565512
0,04775	-0,056465
0,0478	-0,0563662
0,04785	-0,0562712
0,0479	-0,0561925
0,04795	-0,0561375
0,048	-0,05611
0,04805	-0,0561038
0,0481	-0,056105
0,04815	-0,0561137
0,0482	-0,05612
0,04825	-0,0561213
0,0483	-0,05612
0,04835	-0,0561137
0,0484	-0,0561063
0,04845	-0,0561
0,0485	-0,0560938
0,04855	-0,056085
0,0486	-0,05607
0,04865	-0,0560513
0,0487	-0,0560287
0,04875	-0,0560075
0,0488	-0,0559925
0,04885	-0,0559838
0,0489	-0,05598
0,04895	-0,0559812
0,049	-0,0559913
0,04905	-0,0560087
0,0491	-0,0560275
0,04915	-0,0560388
0,0492	-0,0560412
0,04925	-0,0560375
0,0493	-0,0560187
0,04935	-0,0559875
0,0494	-0,0559487
0,04945	-0,0559075
0,0495	-0,0558725
0,04955	-0,0558463
0,0496	-0,0558263
0,04965	-0,0558125
0,0497	-0,0558025
0,04975	-0,0557975
0,0498	-0,055795
0,04985	-0,0557963
0,0499	-0,0558013
0,04995	-0,0558062
0,05	-0,0558138
0,05005	-0,0558212
0,0501	-0,0558263
0,05015	-0,0558263
0,0502	-0,0558225
0,05025	-0,05581
0,0503	-0,0557925
0,05035	-0,0557762
0,0504	-0,0557625
0,05045	-0,0557538
0,0505	-0,0557462
0,05055	-0,0557425
0,0506	-0,05574
0,05065	-0,0557413
0,0507	-0,05575
0,05075	-0,0557725
0,0508	-0,0558162
0,05085	-0,0558825
0,0509	-0,0559613
0,05095	-0,0560425
0,051	-0,0561175
0,05105	-0,0561775
0,0511	-0,05622
0,05115	-0,056245
0,0512	-0,056255
0,05125	-0,0562575
0,0513	-0,0562525
0,05135	-0,0562437
0,0514	-0,0562325
0,05145	-0,0562213
0,0515	-0,0562125
0,05155	-0,0562075
0,0516	-0,0562025
0,05165	-0,0562
0,0517	-0,056195
0,05175	-0,0561888
0,0518	-0,0561825
0,05185	-0,0561787
0,0519	-0,0561763
0,05195	-0,056175
0,052	-0,056175
0,05205	-0,0561725
0,0521	-0,0561638
0,05215	-0,0561462
0,0522	-0,0561213
0,05225	-0,0560887
0,0523	-0,05605
0,05235	-0,0560012
0,0524	-0,0559462
0,05245	-0,0558887
0,0525	-0,055835
0,05255	-0,0557938
0,0526	-0,0557638
0,05265	-0,0557462
0,0527	-0,0557363
0,05275	-0,0557263
0,0528	-0,0557138
0,05285	-0,0556962
0,0529	-0,055675
0,05295	-0,0556538
0,053	-0,0556288
0,05305	-0,0556025
0,0531	-0,0555725
0,05315	-0,0555438
0,0532	-0,0555188
0,05325	-0,0555037
0,0533	-0,0554975
0,05335	-0,0554975
0,0534	-0,0555025
0,05345	-0,0555075
0,0535	-0,05551
0,05355	-0,0555087
0,0536	-0,0555037
0,05365	-0,0555
0,0537	-0,0555
0,05375	-0,0555037
0,0538	-0,055515
0,05385	-0,0555312
0,0539	-0,0555475
0,05395	-0,05556
0,054	-0,0555713
0,05405	-0,0555825
0,0541	-0,055595
0,05415	-0,0556087
0,0542	-0,0556187
0,05425	-0,055625
0,0543	-0,0556263
0,05435	-0,0556237
0,0544	-0,0556163
0,05445	-0,0556025
0,0545	-0,05558
0,05455	-0,0555525
0,0546	-0,0555275
0,05465	-0,0555087
0,0547	-0,0554987
0,05475	-0,0555
0,0548	-0,0555113
0,05485	-0,055525
0,0549	-0,055535
0,05495	-0,05554
0,055	-0,05554
0,05505	-0,0555375
0,0551	-0,0555362
0,05515	-0,0555413
0,0552	-0,0555563
0,05525	-0,05558
0,0553	-0,0556137
0,05535	-0,0556563
0,0554	-0,0557088
0,05545	-0,0557663
0,0555	-0,05582
0,05555	-0,0558662
0,0556	-0,0559037
0,05565	-0,0559375
0,0557	-0,05597
0,05575	-0,0560075
0,0558	-0,0560462
0,05585	-0,0560788
0,0559	-0,0560975
0,05595	-0,0561012
0,056	-0,0560938
0,05605	-0,0560775
0,0561	-0,0560612
0,05615	-0,0560525
0,0562	-0,0560513
0,05625	-0,0560575
0,0563	-0,056075
0,05635	-0,0560975
0,0564	-0,0561187
0,05645	-0,0561313
0,0565	-0,0561338
0,05655	-0,0561287
0,0566	-0,056105
0,05665	-0,0560612
0,0567	-0,0560025
0,05675	-0,0559325
0,0568	-0,0558587
0,05685	-0,0557837
0,0569	-0,0557175
0,05695	-0,055665
0,057	-0,0556263
0,05705	-0,0555988
0,0571	-0,0555738
0,05715	-0,055545
0,0572	-0,0555125
0,05725	-0,05548
0,0573	-0,0554537
0,05735	-0,0554325
0,0574	-0,055415
0,05745	-0,0553988
0,0575	-0,0553837
0,05755	-0,055375
0,0576	-0,055375
0,05765	-0,0553825
0,0577	-0,0553963
0,05775	-0,0554125
0,0578	-0,0554275
0,05785	-0,0554375
0,0579	-0,0554425
0,05795	-0,0554413
0,058	-0,0554313
0,05805	-0,0554138
0,0581	-0,0553963
0,05815	-0,0553812
0,0582	-0,0553738
0,05825	-0,0553688
0,0583	-0,0553612
0,05835	-0,0553438
0,0584	-0,0553112
0,05845	-0,0552675
0,0585	-0,0552175
0,05855	-0,0551725
0,0586	-0,0551388
0,05865	-0,05512
0,0587	-0,055115
0,05875	-0,0551175
0,0588	-0,0551325
0,05885	-0,05515
0,0589	-0,0551587
0,05895	-0,055155
0,059	-0,0551388
0,05905	-0,0551175
0,0591	-0,0551
0,05915	-0,0550913
0,0592	-0,0550913
0,05925	-0,0550963
0,0593	-0,0551063
0,05935	-0,0551188
0,0594	-0,055135
0,05945	-0,0551513
0,0595	-0,055165
0,05955	-0,055175
0,0596	-0,0551825
0,05965	-0,0551912
0,0597	-0,0552038
0,05975	-0,0552313
0,0598	-0,055285
0,05985	-0,0553725
0,0599	-0,0554875
0,05995	-0,055615
0,06	-0,05574
0,06005	-0,0558525
0,0601	-0,0559462
0,06015	-0,0560187
0,0602	-0,0560713
0,06025	-0,0561012
0,0603	-0,0561137
0,06035	-0,0561162
0,0604	-0,0561125
0,06045	-0,0561063
0,0605	-0,0561
0,06055	-0,056095
0,0606	-0,0560875
0,06065	-0,0560725
0,0607	-0,0560488
0,06075	-0,0560113
0,0608	-0,0559675
0,06085	-0,0559275
0,0609	-0,0558975
0,06095	-0,0558788
0,061	-0,0558688
0,06105	-0,0558637
0,0611	-0,0558563
0,06115	-0,05584
0,0612	-0,0558088
0,06125	-0,0557575
0,0613	-0,05568
0,06135	-0,0555762
0,0614	-0,0554513
0,06145	-0,05532
0,0615	-0,055195
0,06155	-0,0550888
0,0616	-0,0550013
0,06165	-0,054925
0,0617	-0,0548575
0,06175	-0,0548
0,0618	-0,0547525
0,06185	-0,0547187
0,0619	-0,0546975
0,06195	-0,054685
0,062	-0,0546713
0,06205	-0,0546525
0,0621	-0,0546275
0,06215	-0,0545963
0,0622	-0,0545612
0,06225	-0,054525
0,0623	-0,0544913
0,06235	-0,0544588
0,0624	-0,0544313
0,06245	-0,054415
0,0625	-0,0544075
0,06255	-0,054405
0,0626	-0,0544038
0,06265	-0,0543988
0,0627	-0,0543863
0,06275	-0,0543662
0,0628	-0,0543462
0,06285	-0,0543338
0,0629	-0,0543313
0,06295	-0,054335
0,063	-0,0543525
0,06305	-0,0543725
0,0631	-0,054385
0,06315	-0,0543863
0,0632	-0,0543775
0,06325	-0,0543625
0,0633	-0,05435
0,06335	-0,0543438
0,0634	-0,0543425
0,06345	-0,054345
0,0635	-0,0543475
0,06355	-0,0543462
0,0636	-0,0543325
0,06365	-0,0542988
0,0637	-0,0542375
0,06375	-0,0541487
0,0638	-0,0540425
0,06385	-0,0539363
0,0639	-0,0538438
0,06395	-0,0537737
0,064	-0,05373
0,06405	-0,0537088
0,0641	-0,0537037
0,06415	-0,0537063
0,0642	-0,0537162
0,06425	-0,0537325
0,0643	-0,0537587
0,06435	-0,0538012
0,0644	-0,0538637
0,06445	-0,053945
0,0645	-0,0540375
0,06455	-0,0541325
0,0646	-0,0542137
0,06465	-0,0542787
0,0647	-0,0543225
0,06475	-0,0543488
0,0648	-0,0543613
0,06485	-0,0543662
0,0649	-0,0543675
0,06495	-0,0543675
0,065	-0,0543662
0,06505	-0,054365
0,0651	-0,0543613
0,06515	-0,054355
0,0652	-0,0543425
0,06525	-0,0543263
0,0653	-0,0543063
0,06535	-0,054285
0,0654	-0,0542613
0,06545	-0,054235
0,0655	-0,0542037
0,06555	-0,0541675
0,0656	-0,0541238
0,06565	-0,0540775
0,0657	-0,05403
0,06575	-0,0539825
0,0658	-0,0539313
0,06585	-0,0538763
0,0659	-0,0538213
0,06595	-0,053765
0,066	-0,0537063
0,06605	-0,0536463
0,0661	-0,0535875
0,06615	-0,0535363
0,0662	-0,0534975
0,06625	-0,0534737
0,0663	-0,0534637
0,06635	-0,0534625
0,0664	-0,053465
0,06645	-0,0534687
0,0665	-0,05347
0,06655	-0,0534675
0,0666	-0,0534575
0,06665	-0,0534425
0,0667	-0,0534263
0,06675	-0,0534125
0,0668	-0,053405
0,06685	-0,0534025
0,0669	-0,0534013
0,06695	-0,0533988
0,067	-0,0533912
0,06705	-0,0533787
0,0671	-0,05336
0,06715	-0,053335
0,0672	-0,0533063
0,06725	-0,05327
0,0673	-0,05323
0,06735	-0,0531837
0,0674	-0,0531325
0,06745	-0,053075
0,0675	-0,0530187
0,06755	-0,0529713
0,0676	-0,0529388
0,06765	-0,0529188
0,0677	-0,05291
0,06775	-0,052905
0,0678	-0,0529025
0,06785	-0,0529025
0,0679	-0,0529025
0,06795	-0,0529
0,068	-0,0528987
0,06805	-0,0529
0,0681	-0,0529063
0,06815	-0,05292
0,0682	-0,052935
0,06825	-0,052945
0,0683	-0,052945
0,06835	-0,05294
0,0684	-0,0529275
0,06845	-0,0529137
0,0685	-0,0529025
0,06855	-0,0528975
0,0686	-0,0528975
0,06865	-0,0529037
0,0687	-0,052915
0,06875	-0,0529287
0,0688	-0,0529463
0,06885	-0,0529675
0,0689	-0,052995
0,06895	-0,0530313
0,069	-0,0530763
0,06905	-0,05313
0,0691	-0,0531913
0,06915	-0,0532588
0,0692	-0,0533212
0,06925	-0,0533725
0,0693	-0,0534
0,06935	-0,0534075
0,0694	-0,0534013
0,06945	-0,0533725
0,0695	-0,0533288
0,06955	-0,0532812
0,0696	-0,0532375
0,06965	-0,0532063
0,0697	-0,0531913
0,06975	-0,0531925
0,0698	-0,05321
0,06985	-0,0532375
0,0699	-0,0532625
0,06995	-0,0532775
0,07	-0,0532788
0,07005	-0,0532712
0,0701	-0,0532537
0,07015	-0,0532325
0,0702	-0,0532087
0,07025	-0,0531763
0,0703	-0,0531262
0,07035	-0,0530525
0,0704	-0,0529625
0,07045	-0,0528712
0,0705	-0,0527913
0,07055	-0,0527312
0,0706	-0,0526875
0,07065	-0,0526575
0,0707	-0,05263
0,07075	-0,0526038
0,0708	-0,0525737
0,07085	-0,0525412
0,0709	-0,0525087
0,07095	-0,0524812
0,071	-0,052465
0,07105	-0,0524587
0,0711	-0,0524575
0,07115	-0,0524625
0,0712	-0,0524688
0,07125	-0,0524725
0,0713	-0,0524725
0,07135	-0,0524688
0,0714	-0,0524575
0,07145	-0,0524388
0,0715	-0,0524163
0,07155	-0,0523937
0,0716	-0,052375
0,07165	-0,0523637
0,0717	-0,0523588
0,07175	-0,0523538
0,0718	-0,0523463
0,07185	-0,0523288
0,0719	-0,0523013
0,07195	-0,0522688
0,072	-0,05224
0,07205	-0,0522188
0,0721	-0,0522088
0,07215	-0,0522075
0,0722	-0,0522125
0,07225	-0,0522212
0,0723	-0,0522263
0,07235	-0,052225
0,0724	-0,0522163
0,07245	-0,0521913
0,0725	-0,0521563
0,07255	-0,05212
0,0726	-0,05209
0,07265	-0,0520738
0,0727	-0,05207
0,07275	-0,0520725
0,0728	-0,05208
0,07285	-0,05209
0,0729	-0,0520975
0,07295	-0,0521
0,073	-0,0520962
0,07305	-0,0520787
0,0731	-0,05205
0,07315	-0,052015
0,0732	-0,0519838
0,07325	-0,0519588
0,0733	-0,051945
0,07335	-0,0519475
0,0734	-0,0519712
0,07345	-0,05202
0,0735	-0,05209
0,07355	-0,052175
0,0736	-0,052265
0,07365	-0,0523475
0,0737	-0,0524087
0,07375	-0,052445
0,0738	-0,05246
0,07385	-0,0524613
0,0739	-0,05245
0,07395	-0,0524362
0,074	-0,052425
0,07405	-0,0524163
0,0741	-0,0524113
0,07415	-0,0524087
0,0742	-0,0524063
0,07425	-0,0524063
0,0743	-0,0524063
0,07435	-0,0524063
0,0744	-0,0524063
0,07445	-0,0524063
0,0745	-0,0524025
0,07455	-0,0523963
0,0746	-0,0523838
0,07465	-0,0523625
0,0747	-0,052335
0,07475	-0,0523062
0,0748	-0,0522725
0,07485	-0,0522313
0,0749	-0,0521763
0,07495	-0,0521063
0,075	-0,05203
0,07505	-0,0519537
0,0751	-0,051885
0,07515	-0,0518313
0,0752	-0,0517938
0,07525	-0,0517712
0,0753	-0,0517613
0,07535	-0,05176
0,0754	-0,0517687
0,07545	-0,051785
0,0755	-0,0518038
0,07555	-0,0518162
0,0756	-0,0518175
0,07565	-0,051805
0,0757	-0,0517687
0,07575	-0,0517175
0,0758	-0,051665
0,07585	-0,0516213
0,0759	-0,0515925
0,07595	-0,05158
0,076	-0,0515788
0,07605	-0,0515862
0,0761	-0,0515963
0,07615	-0,0516025
0,0762	-0,051605
0,07625	-0,0516063
0,0763	-0,0516063
0,07635	-0,05161
0,0764	-0,05162
0,07645	-0,0516438
0,0765	-0,0516813
0,07655	-0,0517275
0,0766	-0,0517675
0,07665	-0,0517938
0,0767	-0,0518062
0,07675	-0,0518112
0,0768	-0,051815
0,07685	-0,0518213
0,0769	-0,051835
0,07695	-0,051855
0,077	-0,05188
0,07705	-0,0519063
0,0771	-0,05193
0,07715	-0,05195
0,0772	-0,05196
0,07725	-0,0519613
0,0773	-0,0519525
0,07735	-0,0519375
0,0774	-0,0519212
0,07745	-0,05191
0,0775	-0,0519025
0,07755	-0,0519
0,0776	-0,0518987
0,07765	-0,0518975
0,0777	-0,051895
0,07775	-0,0518887
0,0778	-0,0518812
0,07785	-0,05187
0,0779	-0,0518575
0,07795	-0,051845
0,078	-0,0518337
0,07805	-0,051825
0,0781	-0,0518188
0,07815	-0,051815
0,0782	-0,051815
0,07825	-0,0518175
0,0783	-0,0518238
0,07835	-0,0518325
0,0784	-0,0518437
0,07845	-0,0518513
0,0785	-0,0518537
0,07855	-0,05185
0,0786	-0,0518313
0,07865	-0,0518062
0,0787	-0,0517813
0,07875	-0,051765
0,0788	-0,0517575
0,07885	-0,0517575
0,0789	-0,05176
0,07895	-0,05176
0,079	-0,05175
0,07905	-0,0517263
0,0791	-0,051695
0,07915	-0,0516637
0,0792	-0,0516375
0,07925	-0,0516175
0,0793	-0,0516
0,07935	-0,051585
0,0794	-0,05157
0,07945	-0,0515525
0,0795	-0,05153
0,07955	-0,0514987
0,0796	-0,0514563
0,07965	-0,0514075
0,0797	-0,051355
0,07975	-0,0513062
0,0798	-0,0512687
0,07985	-0,0512412
0,0799	-0,0512213
0,07995	-0,0512025
0,08	-0,0511812
0,08005	-0,0511575
0,0801	-0,0511325
0,08015	-0,051105
0,0802	-0,0510762
0,08025	-0,051045
0,0803	-0,0510125
0,08035	-0,0509825
0,0804	-0,0509588
0,08045	-0,0509425
0,0805	-0,0509337
0,08055	-0,0509325
0,0806	-0,0509337
0,08065	-0,0509438
0,0807	-0,0509575
0,08075	-0,0509763
0,0808	-0,0509975
0,08085	-0,0510188
0,0809	-0,0510362
0,08095	-0,0510513
0,081	-0,0510613
0,08105	-0,0510675
0,0811	-0,051075
0,08115	-0,0510838
0,0812	-0,0510987
0,08125	-0,0511163
0,0813	-0,0511312
0,08135	-0,05114
0,0814	-0,051135
0,08145	-0,05111
0,0815	-0,0510662
0,08155	-0,051015
0,0816	-0,05097
0,08165	-0,05094
0,0817	-0,0509275
0,08175	-0,050925
0,0818	-0,0509313
0,08185	-0,05094
0,0819	-0,0509463
0,08195	-0,0509463
0,082	-0,0509363
0,08205	-0,0509213
0,0821	-0,0509025
0,08215	-0,050885
0,0822	-0,0508687
0,08225	-0,0508538
0,0823	-0,05084
0,08235	-0,0508313
0,0824	-0,0508313
0,08245	-0,05084
0,0825	-0,0508687
0,08255	-0,050915
0,0826	-0,050975
0,08265	-0,0510387
0,0827	-0,0511025
0,08275	-0,0511625
0,0828	-0,051215
0,08285	-0,051255
0,0829	-0,0512775
0,08295	-0,0512875
0,083	-0,0512838
0,08305	-0,0512612
0,0831	-0,0512187
0,08315	-0,0511625
0,0832	-0,051095
0,08325	-0,0510238
0,0833	-0,0509475
0,08335	-0,0508675
0,0834	-0,0507875
0,08345	-0,0507075
0,0835	-0,050625
0,08355	-0,0505363
0,0836	-0,0504375
0,08365	-0,0503238
0,0837	-0,0501925
0,08375	-0,05004
0,0838	-0,0498663
0,08385	-0,0496712
0,0839	-0,0494562
0,08395	-0,0492275
0,084	-0,048985
0,08405	-0,048735
0,0841	-0,0484825
0,08415	-0,048235
0,0842	-0,0479975
0,08425	-0,047765
0,0843	-0,0475325
0,08435	-0,0472912
0,0844	-0,047035
0,08445	-0,0467613
0,0845	-0,0464662
0,08455	-0,0461463
0,0846	-0,0458113
0,08465	-0,04547
0,0847	-0,0451313
0,08475	-0,0447913
0,0848	-0,0444387
0,08485	-0,0440638
0,0849	-0,0436563
0,08495	-0,0432163
0,085	-0,0427513
0,08505	-0,0422762
0,0851	-0,0418063
0,08515	-0,04135
0,0852	-0,0408925
0,08525	-0,0404138
0,0853	-0,0398962
0,08535	-0,0393375
0,0854	-0,0387462
0,08545	-0,0381325
0,0855	-0,037505
0,08555	-0,0368562
0,0856	-0,0361737
0,08565	-0,035445
0,0857	-0,034665
0,08575	-0,033835
0,0858	-0,0329612
0,08585	-0,0320587
0,0859	-0,0311387
0,08595	-0,0302063
0,086	-0,02926
0,08605	-0,0282912
0,0861	-0,0273037
0,08615	-0,0263
0,0862	-0,0252825
0,08625	-0,0242462
0,0863	-0,0231925
0,08635	-0,022125
0,0864	-0,0210513
0,08645	-0,0199775
0,0865	-0,0188987
0,08655	-0,017815
0,0866	-0,0167275
0,08665	-0,0156437
0,0867	-0,014575
0,08675	-0,0135338
0,0868	-0,0125263
0,08685	-0,0115625
0,0869	-0,010645
0,08695	-0,0097737
0,087	-0,0089525
0,08705	-0,0081837
0,0871	-0,00747
0,08715	-0,0068075
0,0872	-0,0061838
0,08725	-0,0055887
0,0873	-0,0050087
0,08735	-0,0044388
0,0874	-0,00388
0,08745	-0,0033375
0,0875	-0,002815
0,08755	-0,0023113
0,0876	-0,0018175
0,08765	-0,0013287
0,0877	-0,0008413
0,08775	-0,0003575
0,0878	0,0001088
0,08785	0,0005475
0,0879	0,0009462
0,08795	0,0013037
0,088	0,0016287
0,08805	0,0019288
0,0881	0,0022175
0,08815	0,0024975
0,0882	0,0027738
0,08825	0,0030487
0,0883	0,0033263
0,08835	0,0036125
0,0884	0,0039125
0,08845	0,004225
0,0885	0,004535
0,08855	0,0048263
0,0886	0,0050863
0,08865	0,0053175
0,0887	0,00553
0,08875	0,005735
0,0888	0,0059338
0,08885	0,0061212
0,0889	0,006285
0,08895	0,00642
0,089	0,006525
0,08905	0,0066063
0,0891	0,0066825
0,08915	0,0067788
0,0892	0,0069075
0,08925	0,0070675
0,0893	0,0072437
0,08935	0,0074125
0,0894	0,0075575
0,08945	0,0076725
0,0895	0,0077575
0,08955	0,0078213
0,0896	0,0078738
0,08965	0,0079212
0,0897	0,0079588
0,08975	0,00798
0,0898	0,0079812
0,08985	0,0079613
0,0899	0,0079262
0,08995	0,0078912
0,09	0,0078687
0,09005	0,0078625
0,0901	0,007865
0,09015	0,00788
0,0902	0,0079013
0,09025	0,0079262
0,0903	0,0079537
0,09035	0,0079863
0,0904	0,0080225
0,09045	0,0080612
0,0905	0,008105
0,09055	0,0081538
0,0906	0,0082012
0,09065	0,0082425
0,0907	0,0082713
0,09075	0,0082887
0,0908	0,0082975
0,09085	0,008305
0,0909	0,0083137
0,09095	0,0083238
0,091	0,0083313
0,09105	0,0083325
0,0911	0,00833
0,09115	0,0083263
0,0912	0,0083238
0,09125	0,0083213
0,0913	0,008315
0,09135	0,0082988
0,0914	0,0082725
0,09145	0,008235
0,0915	0,0081888
0,09155	0,0081338
0,0916	0,008065
0,09165	0,00798
0,0917	0,0078813
0,09175	0,0077725
0,0918	0,0076662
0,09185	0,0075725
0,0919	0,007495
0,09195	0,0074313
0,092	0,007375
0,09205	0,0073188
0,0921	0,007255
0,09215	0,0071775
0,0922	0,007085
0,09225	0,0069825
0,0923	0,0068838
0,09235	0,0068
0,0924	0,0067325
0,09245	0,00668
0,0925	0,00664
0,09255	0,0066088
0,0926	0,0065862
0,09265	0,0065662
0,0927	0,0065425
0,09275	0,0065087
0,0928	0,00647
0,09285	0,006435
0,0929	0,006415
0,09295	0,0064138
0,093	0,006425
0,09305	0,0064413
0,0931	0,0064512
0,09315	0,0064475
0,0932	0,0064237
0,09325	0,00638
0,0933	0,0063263
0,09335	0,0062663
0,0934	0,0061987
0,09345	0,0061275
0,0935	0,0060562
0,09355	0,00599
0,0936	0,0059375
0,09365	0,0058963
0,0937	0,0058675
0,09375	0,00584
0,0938	0,0058087
0,09385	0,0057638
0,0939	0,0057038
0,09395	0,0056387
0,094	0,0055787
0,09405	0,0055313
0,0941	0,0054987
0,09415	0,0054813
0,0942	0,0054712
0,09425	0,0054662
0,0943	0,0054587
0,09435	0,005445
0,0944	0,0054263
0,09445	0,0054025
0,0945	0,005375
0,09455	0,0053425
0,0946	0,0053063
0,09465	0,0052725
0,0947	0,00525
0,09475	0,0052375
0,0948	0,005235
0,09485	0,0052362
0,0949	0,0052375
0,09495	0,0052375
0,095	0,0052375
0,09505	0,0052362
0,0951	0,0052325
0,09515	0,0052188
0,0952	0,0051887
0,09525	0,0051337
0,0953	0,0050575
0,09535	0,0049738
0,0954	0,0048925
0,09545	0,0048225
0,0955	0,0047688
0,09555	0,00473
0,0956	0,0047075
0,09565	0,004695
0,0957	0,0046838
0,09575	0,0046638
0,0958	0,0046275
0,09585	0,0045725
0,0959	0,0045025
0,09595	0,00442
0,096	0,00433
0,09605	0,0042312
0,0961	0,0041225
0,09615	0,0040025
0,0962	0,0038725
0,09625	0,0037412
0,0963	0,0036213
0,09635	0,0035262
0,0964	0,0034587
0,09645	0,0034162
0,0965	0,0033912
0,09655	0,0033737
0,0966	0,0033587
0,09665	0,00334
0,0967	0,0033175
0,09675	0,0032912
0,0968	0,003265
0,09685	0,0032462
0,0969	0,00323
0,09695	0,0032113
0,097	0,00318
0,09705	0,0031312
0,0971	0,0030675
0,09715	0,0029988
0,0972	0,0029375
0,09725	0,0028925
0,0973	0,0028687
0,09735	0,002865
0,0974	0,002875
0,09745	0,0028987
0,0975	0,0029288
0,09755	0,002955
0,0976	0,0029687
0,09765	0,0029687
0,0977	0,002955
0,09775	0,0029275
0,0978	0,0028925
0,09785	0,0028537
0,0979	0,0028188
0,09795	0,00279
0,098	0,0027675
0,09805	0,00275
0,0981	0,0027287
0,09815	0,0026975
0,0982	0,0026575
0,09825	0,0026075
0,0983	0,0025537
0,09835	0,0024987
0,0984	0,0024425
0,09845	0,0023862
0,0985	0,0023337
0,09855	0,0022875
0,0986	0,002245
0,09865	0,0022037
0,0987	0,0021563
0,09875	0,002105
0,0988	0,0020538
0,09885	0,0020113
0,0989	0,0019787
0,09895	0,0019537
0,099	0,0019325
0,09905	0,00191
0,0991	0,0018863
0,09915	0,00186
0,0992	0,0018325
0,09925	0,0018
0,0993	0,0017575
0,09935	0,0017025
0,0994	0,0016362
0,09945	0,001565
0,0995	0,0014925
0,09955	0,0014238
0,0996	0,0013575
0,09965	0,0012975
0,0997	0,00125
0,09975	0,001215
0,0998	0,0011912
0,09985	0,0011737
0,0999	0,0011513
0,09995	0,0011162
0,1	0,00107
0,10005	0,0010162
0,1001	0,0009612
0,10015	0,0009113
0,1002	0,0008637
0,10025	0,000815
0,1003	0,0007637
0,10035	0,0007163
0,1004	0,0006775
0,10045	0,000645
0,1005	0,0006163
0,10055	0,0005775
0,1006	0,0005213
0,10065	0,0004375
0,1007	0,0003275
0,10075	0,0001925
0,1008	0,0000525
0,10085	-0,0000762
0,1009	-0,0001788
0,10095	-0,0002562
0,101	-0,0003225
0,10105	-0,0003888
0,1011	-0,0004638
0,10115	-0,00054
0,1012	-0,0006125
0,10125	-0,00068
0,1013	-0,0007438
0,10135	-0,00081
0,1014	-0,0008775
0,10145	-0,0009425
0,1015	-0,001
0,10155	-0,0010475
0,1016	-0,001085
0,10165	-0,001115
0,1017	-0,0011462
0,10175	-0,0011838
0,1018	-0,0012312
0,10185	-0,0012862
0,1019	-0,001345
0,10195	-0,0013975
0,102	-0,0014338
0,10205	-0,0014475
0,1021	-0,0014425
0,10215	-0,0014112
0,1022	-0,0013638
0,10225	-0,0013162
0,1023	-0,0012788
0,10235	-0,0012575
0,1024	-0,0012488
0,10245	-0,0012513
0,1025	-0,0012663
0,10255	-0,00129
0,1026	-0,0013175
0,10265	-0,0013463
0,1027	-0,0013763
0,10275	-0,0014075
0,1028	-0,0014437
0,10285	-0,0014925
0,1029	-0,001555
0,10295	-0,00163
0,103	-0,0017112
0,10305	-0,001795
0,1031	-0,0018762
0,10315	-0,0019563
0,1032	-0,0020312
0,10325	-0,0020938
0,1033	-0,0021425
0,10335	-0,0021775
0,1034	-0,002205
0,10345	-0,0022312
0,1035	-0,0022525
0,10355	-0,0022675
0,1036	-0,002275
0,10365	-0,0022813
0,1037	-0,0022938
0,10375	-0,0023263
0,1038	-0,0023788
0,10385	-0,0024437
0,1039	-0,0025137
0,10395	-0,0025812
0,104	-0,0026475
0,10405	-0,0027063
0,1041	-0,0027588
0,10415	-0,0027988
0,1042	-0,0028313
0,10425	-0,00286
0,1043	-0,0028962
0,10435	-0,0029463
0,1044	-0,0030087
0,10445	-0,0030762
0,1045	-0,0031388
0,10455	-0,0031925
0,1046	-0,0032363
0,10465	-0,0032737
0,1047	-0,0033088
0,10475	-0,0033462
0,1048	-0,0033913
0,10485	-0,0034462
0,1049	-0,0035125
0,10495	-0,0035862
0,105	-0,0036638
0,10505	-0,0037438
0,1051	-0,0038213
0,10515	-0,0039013
0,1052	-0,00399
0,10525	-0,004095
0,1053	-0,0042138
0,10535	-0,0043388
0,1054	-0,0044562
0,10545	-0,0045562
0,1055	-0,0046363
0,10555	-0,0047075
0,1056	-0,0047738
0,10565	-0,00484
0,1057	-0,0049087
0,10575	-0,00498
0,1058	-0,0050525
0,10585	-0,005125
0,1059	-0,005195
0,10595	-0,0052612
0,106	-0,0053263
0,10605	-0,0053938
0,1061	-0,0054688
0,10615	-0,0055462
0,1062	-0,0056188
0,10625	-0,00568
0,1063	-0,0057325
0,10635	-0,0057775
0,1064	-0,0058175
0,10645	-0,0058513
0,1065	-0,0058775
0,10655	-0,005895
0,1066	-0,0059087
0,10665	-0,0059188
0,1067	-0,0059325
0,10675	-0,0059537
0,1068	-0,005985
0,10685	-0,006025
0,1069	-0,0060675
0,10695	-0,0061062
0,107	-0,0061438
0,10705	-0,0061787
0,1071	-0,0062113
0,10715	-0,0062425
0,1072	-0,0062725
0,10725	-0,006305
0,1073	-0,0063462
0,10735	-0,0063925
0,1074	-0,0064425
0,10745	-0,0064875
0,1075	-0,0065288
0,10755	-0,006565
0,1076	-0,0065975
0,10765	-0,0066363
0,1077	-0,0066862
0,10775	-0,0067562
0,1078	-0,0068463
0,10785	-0,0069475
0,1079	-0,007045
0,10795	-0,0071288
0,108	-0,0071975
0,10805	-0,0072563
0,1081	-0,0073062
0,10815	-0,0073563
0,1082	-0,0074138
0,10825	-0,007485
0,1083	-0,0075663
0,10835	-0,00765
0,1084	-0,0077263
0,10845	-0,0077838
0,1085	-0,007825
0,10855	-0,0078525
0,1086	-0,007875
0,10865	-0,0079038
0,1087	-0,007955
0,10875	-0,0080325
0,1088	-0,0081325
0,10885	-0,00824
0,1089	-0,0083438
0,10895	-0,0084375
0,109	-0,0085225
0,10905	-0,0086025
0,1091	-0,0086762
0,10915	-0,0087437
0,1092	-0,0088075
0,10925	-0,0088725
0,1093	-0,008945
0,10935	-0,009025
0,1094	-0,0091075
0,10945	-0,0091913
0,1095	-0,0092675
0,10955	-0,009335
0,1096	-0,0093975
0,10965	-0,0094662
0,1097	-0,0095637
0,10975	-0,009705
0,1098	-0,0098963
0,10985	-0,0101175
0,1099	-0,0103425
0,10995	-0,0105463
0,11	-0,0107225
0,11005	-0,0108737
0,1101	-0,011005
0,11015	-0,0111225
0,1102	-0,0112288
0,11025	-0,0113213
0,1103	-0,0113988
0,11035	-0,0114613
0,1104	-0,0115138
0,11045	-0,0115587
0,1105	-0,0116062
0,11055	-0,0116588
0,1106	-0,0117212
0,11065	-0,0117963
0,1107	-0,01188
0,11075	-0,0119713
0,1108	-0,012065
0,11085	-0,0121538
0,1109	-0,012235
0,11095	-0,0123112
0,111	-0,0123863
0,11105	-0,0124575
0,1111	-0,012515
0,11115	-0,0125475
0,1112	-0,0125587
0,11125	-0,0125575
0,1113	-0,012545
0,11135	-0,0125275
0,1114	-0,0125125
0,11145	-0,0124988
0,1115	-0,0124913
0,11155	-0,0124913
0,1116	-0,0124975
0,11165	-0,0125162
0,1117	-0,0125425
0,11175	-0,0125775
0,1118	-0,0126237
0,11185	-0,0126838
0,1119	-0,0127525
0,11195	-0,0128238
0,112	-0,0128888
0,11205	-0,0129488
0,1121	-0,0130088
0,11215	-0,0130775
0,1122	-0,0131563
0,11225	-0,01324
0,1123	-0,0133225
0,11235	-0,013405
0,1124	-0,0134875
0,11245	-0,0135737
0,1125	-0,0136638
0,11255	-0,013755
0,1126	-0,013845
0,11265	-0,0139313
0,1127	-0,0140138
0,11275	-0,0140887
0,1128	-0,01416
0,11285	-0,01423
0,1129	-0,0143025
0,11295	-0,0143763
0,113	-0,0144525
0,11305	-0,014525
0,1131	-0,0145925
0,11315	-0,0146525
0,1132	-0,0147037
0,11325	-0,0147512
0,1133	-0,0147988
0,11335	-0,0148475
0,1134	-0,014905
0,11345	-0,0149725
0,1135	-0,015055
0,11355	-0,015155
0,1136	-0,0152713
0,11365	-0,0153913
0,1137	-0,0155038
0,11375	-0,0156013
0,1138	-0,0156813
0,11385	-0,0157475
0,1139	-0,0158038
0,11395	-0,0158625
0,114	-0,0159375
0,11405	-0,0160375
0,1141	-0,01616
0,11415	-0,0162937
0,1142	-0,0164288
0,11425	-0,0165675
0,1143	-0,016715
0,11435	-0,01687
0,1144	-0,0170275
0,11445	-0,0171775
0,1145	-0,0173187
0,11455	-0,01745
0,1146	-0,01757
0,11465	-0,0176638
0,1147	-0,0177275
0,11475	-0,0177612
0,1148	-0,01778
0,11485	-0,0177938
0,1149	-0,0178187
0,11495	-0,0178638
0,115	-0,0179312
0,11505	-0,0180175
0,1151	-0,0181188
0,11515	-0,0182225
0,1152	-0,0183237
0,11525	-0,01842
0,1153	-0,018515
0,11535	-0,018615
0,1154	-0,0187263
0,11545	-0,0188538
0,1155	-0,0189913
0,11555	-0,019125
0,1156	-0,0192375
0,11565	-0,01932
0,1157	-0,0193713
0,11575	-0,0193988
0,1158	-0,0194113
0,11585	-0,0194225
0,1159	-0,01944
0,11595	-0,0194775
0,116	-0,0195375
0,11605	-0,019615
0,1161	-0,019695
0,11615	-0,0197725
0,1162	-0,0198462
0,11625	-0,0199225
0,1163	-0,0200063
0,11635	-0,0200987
0,1164	-0,020195
0,11645	-0,020295
0,1165	-0,0203963
0,11655	-0,0204937
0,1166	-0,020585
0,11665	-0,0206725
0,1167	-0,0207587
0,11675	-0,0208462
0,1168	-0,020935
0,11685	-0,021025
0,1169	-0,0211175
0,11695	-0,02121
0,117	-0,0213025
0,11705	-0,0213937
0,1171	-0,0214837
0,11715	-0,021575
0,1172	-0,02167
0,11725	-0,02177
0,1173	-0,0218762
0,11735	-0,0219813
0,1174	-0,0220813
0,11745	-0,022165
0,1175	-0,0222262
0,11755	-0,0222638
0,1176	-0,0222825
0,11765	-0,02229
0,1177	-0,0223012
0,11775	-0,0223275
0,1178	-0,0223812
0,11785	-0,0224662
0,1179	-0,0225837
0,11795	-0,0227275
0,118	-0,0228875
0,11805	-0,0230488
0,1181	-0,0231987
0,11815	-0,0233313
0,1182	-0,0234488
0,11825	-0,0235662
0,1183	-0,0237
0,11835	-0,0238625
0,1184	-0,0240475
0,11845	-0,0242388
0,1185	-0,0244125
0,11855	-0,0245575
0,1186	-0,0246675
0,11865	-0,0247488
0,1187	-0,0248125
0,11875	-0,024875
0,1188	-0,0249538
0,11885	-0,0250612
0,1189	-0,0251925
0,11895	-0,0253312
0,119	-0,0254663
0,11905	-0,0255875
0,1191	-0,0256975
0,11915	-0,0257925
0,1192	-0,0258725
0,11925	-0,0259387
0,1193	-0,0260025
0,11935	-0,02607
0,1194	-0,026145
0,11945	-0,0262288
0,1195	-0,0263175
0,11955	-0,0264125
0,1196	-0,0265162
0,11965	-0,0266262
0,1197	-0,02674
0,11975	-0,02686
0,1198	-0,0269888
0,11985	-0,027125
0,1199	-0,02726
0,11995	-0,0273862
0,12	-0,0274975
0,12005	-0,027595
0,1201	-0,0276788
0,12015	-0,0277513
0,1202	-0,02781
0,12025	-0,0278525
0,1203	-0,027885
0,12035	-0,0279163
0,1204	-0,02796
0,12045	-0,028015
0,1205	-0,0280812
0,12055	-0,0281525
0,1206	-0,028225
0,12065	-0,0283
0,1207	-0,028375
0,12075	-0,0284563
0,1208	-0,0285475
0,12085	-0,02865
0,1209	-0,0287587
0,12095	-0,0288638
0,121	-0,0289562
0,12105	-0,0290375
0,1211	-0,0291112
0,12115	-0,0291837
0,1212	-0,0292613
0,12125	-0,0293438
0,1213	-0,02943
0,12135	-0,0295175
0,1214	-0,0296037
0,12145	-0,029685
0,1215	-0,0297663
0,12155	-0,0298463
0,1216	-0,02993
0,12165	-0,0300163
0,1217	-0,0301112
0,12175	-0,03022
0,1218	-0,0303387
0,12185	-0,03046
0,1219	-0,0305788
0,12195	-0,03069
0,122	-0,0307938
0,12205	-0,030895
0,1221	-0,030995
0,12215	-0,0310987
0,1222	-0,0312063
0,12225	-0,0313138
0,1223	-0,0314187
0,12235	-0,0315187
0,1224	-0,0316137
0,12245	-0,031705
0,1225	-0,0317963
0,12255	-0,0318912
0,1226	-0,0319938
0,12265	-0,032105
0,1227	-0,0322188
0,12275	-0,0323288
0,1228	-0,0324287
0,12285	-0,032515
0,1229	-0,0325875
0,12295	-0,0326537
0,123	-0,03272
0,12305	-0,0327912
0,1231	-0,0328688
0,12315	-0,0329575
0,1232	-0,0330575
0,12325	-0,0331675
0,1233	-0,0332913
0,12335	-0,0334325
0,1234	-0,03359
0,12345	-0,0337562
0,1235	-0,03392
0,12355	-0,0340775
0,1236	-0,0342225
0,12365	-0,034355
0,1237	-0,0344763
0,12375	-0,0345875
0,1238	-0,0346862
0,12385	-0,0347712
0,1239	-0,0348438
0,12395	-0,0349037
0,124	-0,0349588
0,12405	-0,0350162
0,1241	-0,0350863
0,12415	-0,03517
0,1242	-0,035265
0,12425	-0,0353675
0,1243	-0,03547
0,12435	-0,0355675
0,1244	-0,0356563
0,12445	-0,03573
0,1245	-0,0357875
0,12455	-0,03583
0,1246	-0,0358637
0,12465	-0,0358912
0,1247	-0,0359125
0,12475	-0,0359275
0,1248	-0,0359375
0,12485	-0,0359525
0,1249	-0,0359787
0,12495	-0,0360175
0,125	-0,0360662
0,12505	-0,03612
0,1251	-0,036175
0,12515	-0,0362325
0,1252	-0,0362887
0,12525	-0,0363462
0,1253	-0,03641
0,12535	-0,0364862
0,1254	-0,0365812
0,12545	-0,0366887
0,1255	-0,0368025
0,12555	-0,0369062
0,1256	-0,0369937
0,12565	-0,0370663
0,1257	-0,0371263
0,12575	-0,0371825
0,1258	-0,0372413
0,12585	-0,0373037
0,1259	-0,0373712
0,12595	-0,0374412
0,126	-0,03752
0,12605	-0,0376137
0,1261	-0,037725
0,12615	-0,0378475
0,1262	-0,0379675
0,12625	-0,0380737
0,1263	-0,0381675
0,12635	-0,0382612
0,1264	-0,0383688
0,12645	-0,0385013
0,1265	-0,0386537
0,12655	-0,0388125
0,1266	-0,03896
0,12665	-0,039085
0,1267	-0,0391825
0,12675	-0,0392613
0,1268	-0,0393288
0,12685	-0,0393912
0,1269	-0,0394575
0,12695	-0,03953
0,127	-0,0396162
0,12705	-0,0397175
0,1271	-0,0398263
0,12715	-0,0399337
0,1272	-0,04003
0,12725	-0,040115
0,1273	-0,0401912
0,12735	-0,0402625
0,1274	-0,0403313
0,12745	-0,0403975
0,1275	-0,04046
0,12755	-0,0405212
0,1276	-0,0405787
0,12765	-0,0406337
0,1277	-0,0406887
0,12775	-0,0407562
0,1278	-0,0408463
0,12785	-0,040965
0,1279	-0,0411063
0,12795	-0,0412562
0,128	-0,041395
0,12805	-0,0415062
0,1281	-0,0415863
0,12815	-0,0416375
0,1282	-0,0416713
0,12825	-0,0417012
0,1283	-0,0417387
0,12835	-0,0417887
0,1284	-0,041855
0,12845	-0,041935
0,1285	-0,0420225
0,12855	-0,0421075
0,1286	-0,0421862
0,12865	-0,0422513
0,1287	-0,042305
0,12875	-0,0423575
0,1288	-0,0424175
0,12885	-0,0424912
0,1289	-0,042575
0,12895	-0,04266
0,129	-0,0427388
0,12905	-0,0428113
0,1291	-0,0428788
0,12915	-0,0429425
0,1292	-0,0429975
0,12925	-0,0430375
0,1293	-0,0430638
0,12935	-0,04308
0,1294	-0,0430937
0,12945	-0,043115
0,1295	-0,0431463
0,12955	-0,0431838
0,1296	-0,0432225
0,12965	-0,043255
0,1297	-0,0432825
0,12975	-0,04331
0,1298	-0,0433425
0,12985	-0,04339
0,1299	-0,0434475
0,12995	-0,0435125
0,13	-0,0435725
0,13005	-0,043625
0,1301	-0,0436663
0,13015	-0,0437
0,1302	-0,0437312
0,13025	-0,043765
0,1303	-0,0438062
0,13035	-0,0438612
0,1304	-0,0439275
0,13045	-0,0439963
0,1305	-0,0440638
0,13055	-0,0441312
0,1306	-0,0441962
0,13065	-0,0442588
0,1307	-0,0443163
0,13075	-0,0443675
0,1308	-0,0444087
0,13085	-0,044445
0,1309	-0,04448
0,13095	-0,0445175
0,131	-0,0445637
0,13105	-0,04462
0,1311	-0,0446863
0,13115	-0,044765
0,1312	-0,0448525
0,13125	-0,0449425
0,1313	-0,0450238
0,13135	-0,0450912
0,1314	-0,04515
0,13145	-0,045205
0,1315	-0,0452638
0,13155	-0,045325
0,1316	-0,0453838
0,13165	-0,0454362
0,1317	-0,0454837
0,13175	-0,0455313
0,1318	-0,0455825
0,13185	-0,045645
0,1319	-0,04572
0,13195	-0,0458025
0,132	-0,04589
0,13205	-0,0459737
0,1321	-0,046055
0,13215	-0,0461375
0,1322	-0,0462275
0,13225	-0,0463312
0,1323	-0,04645
0,13235	-0,0465837
0,1324	-0,0467288
0,13245	-0,0468737
0,1325	-0,0470088
0,13255	-0,0471262
0,1326	-0,047225
0,13265	-0,0473137
0,1327	-0,047395
0,13275	-0,047475
0,1328	-0,0475575
0,13285	-0,0476438
0,1329	-0,0477325
0,13295	-0,0478175
0,133	-0,0478925
0,13305	-0,0479588
0,1331	-0,0480163
0,13315	-0,0480725
0,1332	-0,048125
0,13325	-0,048175
0,1333	-0,048225
0,13335	-0,0482775
0,1334	-0,0483363
0,13345	-0,0483963
0,1335	-0,0484537
0,13355	-0,0485063
0,1336	-0,048555
0,13365	-0,0486012
0,1337	-0,0486425
0,13375	-0,0486737
0,1338	-0,0486913
0,13385	-0,0486962
0,1339	-0,0486913
0,13395	-0,0486675
0,134	-0,0486325
0,13405	-0,0485988
0,1341	-0,0485788
0,13415	-0,04858
0,1342	-0,0486038
0,13425	-0,0486425
0,1343	-0,0486888
0,13435	-0,048735
0,1344	-0,0487788
0,13445	-0,0488112
0,1345	-0,0488325
0,13455	-0,0488437
0,1346	-0,0488513
0,13465	-0,04886
0,1347	-0,0488812
0,13475	-0,0489163
0,1348	-0,0489663
0,13485	-0,0490237
0,1349	-0,04908
0,13495	-0,04913
0,135	-0,0491725
0,13505	-0,049205
0,1351	-0,04923
0,13515	-0,04925
0,1352	-0,049265
0,13525	-0,04928
0,1353	-0,0492912
0,13535	-0,0493013
0,1354	-0,0493113
0,13545	-0,049325
0,1355	-0,0493462
0,13555	-0,04938
0,1356	-0,0494263
0,13565	-0,0494838
0,1357	-0,0495488
0,13575	-0,04962
0,1358	-0,04969
0,13585	-0,0497525
0,1359	-0,0498063
0,13595	-0,0498512
0,136	-0,04989
0,13605	-0,0499288
0,1361	-0,0499737
0,13615	-0,050025
0,1362	-0,0500837
0,13625	-0,0501463
0,1363	-0,0502087
0,13635	-0,050265
0,1364	-0,0503163
0,13645	-0,0503612
0,1365	-0,0504038
0,13655	-0,0504437
0,1366	-0,0504837
0,13665	-0,0505275
0,1367	-0,0505813
0,13675	-0,0506425
0,1368	-0,0507113
0,13685	-0,0507837
0,1369	-0,0508588
0,13695	-0,0509387
0,137	-0,0510262
0,13705	-0,0511212
0,1371	-0,0512213
0,13715	-0,051325
0,1372	-0,0514263
0,13725	-0,05152
0,1373	-0,0516025
0,13735	-0,0516725
0,1374	-0,05173
0,13745	-0,0517787
0,1375	-0,05182
0,13755	-0,0518625
0,1376	-0,05191
0,13765	-0,0519638
0,1377	-0,0520213
0,13775	-0,0520787
0,1378	-0,05213
0,13785	-0,0521713
0,1379	-0,0522038
0,13795	-0,0522237
0,138	-0,0522375
0,13805	-0,0522475
0,1381	-0,0522612
0,13815	-0,05228
0,1382	-0,0523013
0,13825	-0,052315
0,1383	-0,0523125
0,13835	-0,0522963
0,1384	-0,0522725
0,13845	-0,05225
0,1385	-0,0522325
0,13855	-0,05222
0,1386	-0,0522125
0,13865	-0,05221
0,1387	-0,05221
0,13875	-0,0522138
0,1388	-0,0522175
0,13885	-0,0522188
0,1389	-0,0522175
0,13895	-0,0522163
0,139	-0,052215
0,13905	-0,05222
0,1391	-0,0522363
0,13915	-0,0522612
0,1392	-0,0522887
0,13925	-0,0523087
0,1393	-0,0523175
0,13935	-0,0523162
0,1394	-0,052305
0,13945	-0,0522925
0,1395	-0,0522863
0,13955	-0,0522875
0,1396	-0,0522988
0,13965	-0,052315
0,1397	-0,0523325
0,13975	-0,0523437
0,1398	-0,05235
0,13985	-0,0523575
0,1399	-0,0523688
0,13995	-0,0523925
0,14	-0,0524312
0,14005	-0,0524838
0,1401	-0,0525438
0,14015	-0,0526062
0,1402	-0,0526663
0,14025	-0,0527225
0,1403	-0,052775
0,14035	-0,0528262
0,1404	-0,0528737
0,14045	-0,0529175
0,1405	-0,052955
0,14055	-0,0529888
0,1406	-0,05302
0,14065	-0,0530512
0,1407	-0,053085
0,14075	-0,0531262
0,1408	-0,0531725
0,14085	-0,053225
0,1409	-0,05328
0,14095	-0,053335
0,141	-0,0533825
0,14105	-0,0534225
0,1411	-0,0534538
0,14115	-0,053475
0,1412	-0,0534937
0,14125	-0,0535125
0,1413	-0,053545
0,14135	-0,0536
0,1414	-0,053685
0,14145	-0,0538
0,1415	-0,0539338
0,14155	-0,0540662
0,1416	-0,0541875
0,14165	-0,05429
0,1417	-0,0543725
0,14175	-0,0544363
0,1418	-0,0544863
0,14185	-0,054525
0,1419	-0,0545662
0,14195	-0,0546138
0,142	-0,054665
0,14205	-0,0547163
0,1421	-0,05476
0,14215	-0,0547912
0,1422	-0,0548113
0,14225	-0,054825
0,1423	-0,0548337
0,14235	-0,054845
0,1424	-0,0548612
0,14245	-0,0548863
0,1425	-0,0549162
0,14255	-0,054945
0,1426	-0,0549675
0,14265	-0,054985
0,1427	-0,054995
0,14275	-0,055
0,1428	-0,0549963
0,14285	-0,0549763
0,1429	-0,05494
0,14295	-0,0548963
0,143	-0,05486
0,14305	-0,05484
0,1431	-0,0548425
0,14315	-0,0548675
0,1432	-0,05491
0,14325	-0,0549587
0,1433	-0,05501
0,14335	-0,0550638
0,1434	-0,0551225
0,14345	-0,0551862
0,1435	-0,0552525
0,14355	-0,055315
0,1436	-0,0553662
0,14365	-0,055405
0,1437	-0,0554338
0,14375	-0,0554563
0,1438	-0,055485
0,14385	-0,0555288
0,1439	-0,0555875
0,14395	-0,05566
0,144	-0,0557337
0,14405	-0,0557975
0,1441	-0,0558437
0,14415	-0,05587
0,1442	-0,0558825
0,14425	-0,055885
0,1443	-0,0558862
0,14435	-0,05589
0,1444	-0,0559
0,14445	-0,0559187
0,1445	-0,055945
0,14455	-0,0559675
0,1446	-0,0559775
0,14465	-0,0559712
0,1447	-0,0559363
0,14475	-0,0558788
0,1448	-0,055815
0,14485	-0,05576
0,1449	-0,0557225
0,14495	-0,0557025
0,145	-0,055695
0,14505	-0,0556937
0,1451	-0,055695
0,14515	-0,0556988
0,1452	-0,0557062
0,14525	-0,05572
0,1453	-0,0557438
0,14535	-0,0557725
0,1454	-0,055805
0,14545	-0,0558337
0,1455	-0,0558575
0,14555	-0,05587
0,1456	-0,0558725
0,14565	-0,0558688
0,1457	-0,055855
0,14575	-0,05584
0,1458	-0,0558312
0,14585	-0,055835
0,1459	-0,05586
0,14595	-0,0559075
0,146	-0,0559762
0,14605	-0,0560587
0,1461	-0,0561525
0,14615	-0,0562463
0,1462	-0,0563363
0,14625	-0,0564163
0,1463	-0,0564837
0,14635	-0,0565313
0,1464	-0,0565575
0,14645	-0,0565675
0,1465	-0,05657
0,14655	-0,0565737
0,1466	-0,056585
0,14665	-0,0566138
0,1467	-0,05666
0,14675	-0,0567188
0,1468	-0,05678
0,14685	-0,0568325
0,1469	-0,0568675
0,14695	-0,0568812
0,147	-0,05688
0,14705	-0,05686
0,1471	-0,0568325
0,14715	-0,0568063
0,1472	-0,0567875
0,14725	-0,0567725
0,1473	-0,056755
0,14735	-0,0567313
0,1474	-0,0567038
0,14745	-0,0566775
0,1475	-0,0566625
0,14755	-0,0566612
0,1476	-0,0566725
0,14765	-0,0566963
0,1477	-0,0567275
0,14775	-0,0567538
0,1478	-0,0567725
0,14785	-0,0567813
0,1479	-0,0567813
0,14795	-0,056775
0,148	-0,056765
0,14805	-0,0567563
0,1481	-0,0567525
0,14815	-0,0567538
0,1482	-0,05676
0,14825	-0,05677
0,1483	-0,05678
0,14835	-0,0567875
0,1484	-0,0567975
0,14845	-0,0568087
0,1485	-0,056825
0,14855	-0,0568425
0,1486	-0,0568563
0,14865	-0,0568613
0,1487	-0,05686
0,14875	-0,05685
0,1488	-0,0568375
0,14885	-0,0568288
0,1489	-0,0568262
0,14895	-0,0568288
0,149	-0,05684
0,14905	-0,0568563
0,1491	-0,0568713
0,14915	-0,0568875
0,1492	-0,0569062
0,14925	-0,05693
0,1493	-0,0569525
0,14935	-0,0569675
0,1494	-0,0569737
0,14945	-0,056975
0,1495	-0,0569763
0,14955	-0,05698
0,1496	-0,0569887
0,14965	-0,0570012
0,1497	-0,0570113
0,14975	-0,05702
0,1498	-0,0570275
0,14985	-0,0570337
0,1499	-0,0570425
0,14995	-0,0570538
0,15	-0,0570675
0,15005	-0,0570825
0,1501	-0,0571
0,15015	-0,05712
0,1502	-0,0571413
0,15025	-0,05716
0,1503	-0,0571725
0,15035	-0,0571775
0,1504	-0,05718
0,15045	-0,0571837
0,1505	-0,0571975
0,15055	-0,0572312
0,1506	-0,0572862
0,15065	-0,0573562
0,1507	-0,0574325
0,15075	-0,0575075
0,1508	-0,057575
0,15085	-0,0576288
0,1509	-0,05767
0,15095	-0,0576987
0,151	-0,0577188
0,15105	-0,0577325
0,1511	-0,0577475
0,15115	-0,0577663
0,1512	-0,0577888
0,15125	-0,0578125
0,1513	-0,0578325
0,15135	-0,0578475
0,1514	-0,05786
0,15145	-0,0578738
0,1515	-0,057885
0,15155	-0,0578925
0,1516	-0,0578937
0,15165	-0,0578912
0,1517	-0,0578825
0,15175	-0,0578712
0,1518	-0,0578575
0,15185	-0,05784
0,1519	-0,0578137
0,15195	-0,0577825
0,152	-0,0577525
0,15205	-0,0577288
0,1521	-0,0577125
0,15215	-0,0576987
0,1522	-0,0576825
0,15225	-0,0576563
0,1523	-0,0576238
0,15235	-0,057595
0,1524	-0,05758
0,15245	-0,0575837
0,1525	-0,0576138
0,15255	-0,0576588
0,1526	-0,0577075
0,15265	-0,0577475
0,1527	-0,057775
0,15275	-0,0577862
0,1528	-0,0577875
0,15285	-0,0577838
0,1529	-0,0577825
0,15295	-0,0577862
0,153	-0,0578013
0,15305	-0,0578237
0,1531	-0,0578513
0,15315	-0,0578775
0,1532	-0,0578962
0,15325	-0,057905
0,1533	-0,0579038
0,15335	-0,05789
0,1534	-0,05787
0,15345	-0,0578513
0,1535	-0,0578425
0,15355	-0,057845
0,1536	-0,057865
0,15365	-0,0578975
0,1537	-0,057935
0,15375	-0,0579713
0,1538	-0,0580037
0,15385	-0,0580325
0,1539	-0,05806
0,15395	-0,0580862
0,154	-0,0581113
0,15405	-0,0581338
0,1541	-0,05815
0,15415	-0,0581613
0,1542	-0,0581663
0,15425	-0,0581712
0,1543	-0,0581737
0,15435	-0,058175
0,1544	-0,0581787
0,15445	-0,0581837
0,1545	-0,058195
0,15455	-0,058205
0,1546	-0,05821
0,15465	-0,05821
0,1547	-0,0582075
0,15475	-0,0582087
0,1548	-0,05822
0,15485	-0,05825
0,1549	-0,058295
0,15495	-0,058355
0,155	-0,0584287
0,15505	-0,0585162
0,1551	-0,05861
0,15515	-0,0586975
0,1552	-0,0587712
0,15525	-0,0588275
0,1553	-0,0588663
0,15535	-0,058895
0,1554	-0,05892
0,15545	-0,0589488
0,1555	-0,0589813
0,15555	-0,0590113
0,1556	-0,0590338
0,15565	-0,0590475
0,1557	-0,059055
0,15575	-0,05906
0,1558	-0,0590675
0,15585	-0,0590825
0,1559	-0,059105
0,15595	-0,0591325
0,156	-0,0591637
0,15605	-0,0591937
0,1561	-0,0592187
0,15615	-0,0592425
0,1562	-0,059265
0,15625	-0,0592888
0,1563	-0,059305
0,15635	-0,0593087
0,1564	-0,0593012
0,15645	-0,0592688
0,1565	-0,059215
0,15655	-0,0591475
0,1566	-0,059075
0,15665	-0,0590075
0,1567	-0,0589513
0,15675	-0,0589137
0,1568	-0,0588988
0,15685	-0,0589013
0,1569	-0,0589238
0,15695	-0,0589538
0,157	-0,0589725
0,15705	-0,0589788
0,1571	-0,0589738
0,15715	-0,058955
0,1572	-0,0589325
0,15725	-0,058915
0,1573	-0,058905
0,15735	-0,0589038
0,1574	-0,0589038
0,15745	-0,0589062
0,1575	-0,05891
0,15755	-0,0589112
0,1576	-0,058915
0,15765	-0,0589213
0,1577	-0,0589362
0,15775	-0,05896
0,1578	-0,0589925
0,15785	-0,059035
0,1579	-0,059085
0,15795	-0,0591375
0,158	-0,0591875
0,15805	-0,0592288
0,1581	-0,05926
0,15815	-0,0592837
0,1582	-0,0593012
0,15825	-0,0593138
0,1583	-0,0593213
0,15835	-0,0593225
0,1584	-0,05932
0,15845	-0,0593125
0,1585	-0,0593025
0,15855	-0,0592963
0,1586	-0,05929
0,15865	-0,059285
0,1587	-0,0592775
0,15875	-0,05927
0,1588	-0,059265
0,15885	-0,059265
0,1589	-0,0592675
0,15895	-0,05928
0,159	-0,0592963
0,15905	-0,0593138
0,1591	-0,0593238
0,15915	-0,05933
0,1592	-0,05933
0,15925	-0,0593275
0,1593	-0,0593263
0,15935	-0,0593287
0,1594	-0,0593362
0,15945	-0,05935
0,1595	-0,05937
0,15955	-0,0594013
0,1596	-0,0594437
0,15965	-0,0595
0,1597	-0,059575
0,15975	-0,0596712
0,1598	-0,0597887
0,15985	-0,0599225
0,1599	-0,060055
0,15995	-0,0601762
0,16	-0,06028
0,16005	-0,0603675
0,1601	-0,060445
0,16015	-0,0605125
0,1602	-0,0605687
0,16025	-0,0606113
0,1603	-0,0606413
0,16035	-0,060665
0,1604	-0,06069
0,16045	-0,0607187
0,1605	-0,06075
0,16055	-0,0607825
0,1606	-0,0608175
0,16065	-0,0608525
0,1607	-0,060885
0,16075	-0,0609137
0,1608	-0,060935
0,16085	-0,0609437
0,1609	-0,0609387
0,16095	-0,0609063
0,161	-0,060845
0,16105	-0,0607625
0,1611	-0,0606725
0,16115	-0,0605875
0,1612	-0,0605175
0,16125	-0,0604587
0,1613	-0,0604025
0,16135	-0,0603437
0,1614	-0,060275
0,16145	-0,0601988
0,1615	-0,060125
0,16155	-0,0600625
0,1616	-0,060015
0,16165	-0,059985
0,1617	-0,0599713
0,16175	-0,0599688
0,1618	-0,059975
0,16185	-0,059985
0,1619	-0,0599963
0,16195	-0,0600112
0,162	-0,0600263
0,16205	-0,0600425
0,1621	-0,0600563
0,16215	-0,0600687
0,1622	-0,0600763
0,16225	-0,06008
0,1623	-0,0600825
0,16235	-0,0600838
0,1624	-0,0600838
0,16245	-0,0600838
0,1625	-0,0600838
0,16255	-0,0600825
0,1626	-0,0600775
0,16265	-0,06007
0,1627	-0,060065
0,16275	-0,060065
0,1628	-0,06007
0,16285	-0,060075
0,1629	-0,0600788
0,16295	-0,0600838
0,163	-0,0600925
0,16305	-0,0601138
0,1631	-0,0601462
0,16315	-0,0601875
0,1632	-0,06023
0,16325	-0,0602637
0,1633	-0,0602825
0,16335	-0,0602838
0,1634	-0,06027
0,16345	-0,06025
0,1635	-0,060235
0,16355	-0,0602288
0,1636	-0,0602288
0,16365	-0,0602375
0,1637	-0,06025
0,16375	-0,0602575
0,1638	-0,0602587
0,16385	-0,060255
0,1639	-0,0602412
0,16395	-0,06023
0,164	-0,0602288
0,16405	-0,0602425
0,1641	-0,0602825
0,16415	-0,060345
0,1642	-0,0604188
0,16425	-0,0604937
0,1643	-0,0605563
0,16435	-0,0606
0,1644	-0,0606262
0,16445	-0,060645
0,1645	-0,0606688
0,16455	-0,060705
0,1646	-0,0607538
0,16465	-0,0608025
0,1647	-0,0608388
0,16475	-0,0608587
0,1648	-0,0608587
0,16485	-0,0608425
0,1649	-0,06082
0,16495	-0,0608037
0,165	-0,0608
0,16505	-0,0608075
0,1651	-0,0608413
0,16515	-0,0608963
0,1652	-0,0609625
0,16525	-0,0610275
0,1653	-0,0610812
0,16535	-0,0611188
0,1654	-0,0611375
0,16545	-0,06114
0,1655	-0,0611275
0,16555	-0,061095
0,1656	-0,0610363
0,16565	-0,0609437
0,1657	-0,0608175
0,16575	-0,0606663
0,1658	-0,0605125
0,16585	-0,0603838
0,1659	-0,060295
0,16595	-0,0602525
0,166	-0,0602488
0,16605	-0,0602738
0,1661	-0,0603138
0,16615	-0,0603613
0,1662	-0,060405
0,16625	-0,0604425
0,1663	-0,0604763
0,16635	-0,060505
0,1664	-0,0605338
0,16645	-0,0605625
0,1665	-0,0605925
0,16655	-0,0606238
0,1666	-0,0606537
0,16665	-0,0606837
0,1667	-0,06071
0,16675	-0,0607338
0,1668	-0,06075
0,16685	-0,0607575
0,1669	-0,0607575
0,16695	-0,0607538
0,167	-0,0607475
0,16705	-0,0607437
0,1671	-0,0607412
0,16715	-0,0607375
0,1672	-0,0607263
0,16725	-0,0607063
0,1673	-0,0606788
0,16735	-0,0606513
0,1674	-0,0606312
0,16745	-0,06062
0,1675	-0,0606175
0,16755	-0,0606188
0,1676	-0,06062
0,16765	-0,0606213
0,1677	-0,0606188
0,16775	-0,0606125
0,1678	-0,0606012
0,16785	-0,06059
0,1679	-0,0605825
0,16795	-0,06058
0,168	-0,0605813
0,16805	-0,0605913
0,1681	-0,060605
0,16815	-0,0606188
0,1682	-0,06063
0,16825	-0,0606388
0,1683	-0,060645
0,16835	-0,06065
0,1684	-0,0606562
0,16845	-0,0606625
0,1685	-0,0606763
0,16855	-0,0607
0,1686	-0,0607375
0,16865	-0,06079
0,1687	-0,0608537
0,16875	-0,060925
0,1688	-0,0610037
0,16885	-0,0610862
0,1689	-0,061165
0,16895	-0,0612338
0,169	-0,0612875
0,16905	-0,061325
0,1691	-0,0613438
0,16915	-0,061345
0,1692	-0,0613312
0,16925	-0,0613163
0,1693	-0,0613087
0,16935	-0,0613137
0,1694	-0,0613387
0,16945	-0,06138
0,1695	-0,0614275
0,16955	-0,06147
0,1696	-0,061495
0,16965	-0,0614963
0,1697	-0,0614825
0,16975	-0,0614575
0,1698	-0,0614338
0,16985	-0,061415
0,1699	-0,0614
0,16995	-0,061385
0,17	-0,06136
0,17005	-0,0613188
0,1701	-0,0612613
0,17015	-0,0611937
0,1702	-0,0611238
0,17025	-0,0610525
0,1703	-0,0609863
0,17035	-0,0609325
0,1704	-0,0608925
0,17045	-0,0608688
0,1705	-0,0608562
0,17055	-0,0608512
0,1706	-0,0608463
0,17065	-0,06084
0,1707	-0,0608312
0,17075	-0,06082
0,1708	-0,0608113
0,17085	-0,060805
0,1709	-0,0608
0,17095	-0,0607975
0,171	-0,0607962
0,17105	-0,0607975
0,1711	-0,0608
0,17115	-0,0608037
0,1712	-0,06081
0,17125	-0,0608138
0,1713	-0,0608138
0,17135	-0,06081
0,1714	-0,0608037
0,17145	-0,0607987
0,1715	-0,0608
0,17155	-0,0608062
0,1716	-0,0608113
0,17165	-0,0608113
0,1717	-0,0608088
0,17175	-0,0608025
0,1718	-0,0607962
0,17185	-0,0607962
0,1719	-0,0608012
0,17195	-0,0608138
0,172	-0,0608262
0,17205	-0,0608337
0,1721	-0,0608337
0,17215	-0,0608262
0,1722	-0,0608088
0,17225	-0,060785
0,1723	-0,06076
0,17235	-0,0607375
0,1724	-0,0607187
0,17245	-0,0607063
0,1725	-0,0606975
0,17255	-0,060695
0,1726	-0,0606925
0,17265	-0,0606887
0,1727	-0,06068
0,17275	-0,0606637
0,1728	-0,0606438
0,17285	-0,0606213
0,1729	-0,0606012
0,17295	-0,0605875
0,173	-0,06058
0,17305	-0,0605813
0,1731	-0,0605975
0,17315	-0,0606312
0,1732	-0,0606837
0,17325	-0,06075
0,1733	-0,0608262
0,17335	-0,0609038
0,1734	-0,0609763
0,17345	-0,0610375
0,1735	-0,0610887
0,17355	-0,0611313
0,1736	-0,0611637
0,17365	-0,0611825
0,1737	-0,06119
0,17375	-0,0611925
0,1738	-0,0611925
0,17385	-0,061195
0,1739	-0,0612012
0,17395	-0,0612063
0,174	-0,0612088
0,17405	-0,06121
0,1741	-0,0612088
0,17415	-0,0612075
0,1742	-0,061205
0,17425	-0,061205
0,1743	-0,0612075
0,17435	-0,0612138
0,1744	-0,0612187
0,17445	-0,06122
0,1745	-0,0612088
0,17455	-0,06117
0,1746	-0,0610963
0,17465	-0,061
0,1747	-0,0608963
0,17475	-0,0608075
0,1748	-0,0607437
0,17485	-0,0607013
0,1749	-0,0606713
0,17495	-0,0606425
0,175	-0,06061
0,17505	-0,0605762
0,1751	-0,0605462
0,17515	-0,0605212
0,1752	-0,0605063
0,17525	-0,0604988
0,1753	-0,0604988
0,17535	-0,0605063
0,1754	-0,0605162
0,17545	-0,0605275
0,1755	-0,060535
0,17555	-0,0605375
0,1756	-0,0605363
0,17565	-0,0605263
0,1757	-0,06051
0,17575	-0,0604937
0,1758	-0,0604788
0,17585	-0,060465
0,1759	-0,0604488
0,17595	-0,0604325
0,176	-0,0604175
0,17605	-0,0604075
0,1761	-0,0604025
0,17615	-0,0604012
0,1762	-0,0604037
0,17625	-0,060415
0,1763	-0,0604387
0,17635	-0,06047
0,1764	-0,060505
0,17645	-0,0605375
0,1765	-0,0605687
0,17655	-0,0606025
0,1766	-0,0606388
0,17665	-0,0606763
0,1767	-0,0607125
0,17675	-0,06074
0,1768	-0,06076
0,17685	-0,0607687
0,1769	-0,0607712
0,17695	-0,0607675
0,177	-0,0607625
0,17705	-0,0607588
0,1771	-0,0607613
0,17715	-0,0607762
0,1772	-0,0608037
0,17725	-0,0608388
0,1773	-0,060875
0,17735	-0,0609063
0,1774	-0,0609288
0,17745	-0,0609412
0,1775	-0,060945
0,17755	-0,0609462
0,1776	-0,0609488
0,17765	-0,06096
0,1777	-0,06099
0,17775	-0,0610375
0,1778	-0,0610988
0,17785	-0,06116
0,1779	-0,0612088
0,17795	-0,0612363
0,178	-0,0612338
0,17805	-0,0612012
0,1781	-0,0611425
0,17815	-0,0610725
0,1782	-0,061005
0,17825	-0,0609538
0,1783	-0,0609213
0,17835	-0,0609038
0,1784	-0,060895
0,17845	-0,0608887
0,1785	-0,06088
0,17855	-0,0608675
0,1786	-0,0608587
0,17865	-0,0608562
0,1787	-0,0608575
0,17875	-0,0608663
0,1788	-0,060875
0,17885	-0,0608825
0,1789	-0,0608837
0,17895	-0,0608812
0,179	-0,060865
0,17905	-0,06084
0,1791	-0,060805
0,17915	-0,0607613
0,1792	-0,060705
0,17925	-0,0606312
0,1793	-0,0605437
0,17935	-0,0604562
0,1794	-0,0603838
0,17945	-0,0603363
0,1795	-0,06031
0,17955	-0,0602975
0,1796	-0,0602912
0,17965	-0,0602838
0,1797	-0,0602687
0,17975	-0,06025
0,1798	-0,0602275
0,17985	-0,0602087
0,1799	-0,06019
0,17995	-0,0601713
0,18	-0,0601487
0,18005	-0,0601138
0,1801	-0,0600662
0,18015	-0,0600075
0,1802	-0,0599463
0,18025	-0,0598925
0,1803	-0,0598538
0,18035	-0,0598325
0,1804	-0,05983
0,18045	-0,0598387
0,1805	-0,0598662
0,18055	-0,0599088
0,1806	-0,0599613
0,18065	-0,0600162
0,1807	-0,06007
0,18075	-0,0601225
0,1808	-0,0601737
0,18085	-0,060225
0,1809	-0,060275
0,18095	-0,0603187
0,181	-0,0603537
0,18105	-0,0603762
0,1811	-0,0603863
0,18115	-0,060385
0,1812	-0,0603688
0,18125	-0,0603437
0,1813	-0,0603138
0,18135	-0,0602813
0,1814	-0,06025
0,18145	-0,0602175
0,1815	-0,0601837
0,18155	-0,0601525
0,1816	-0,0601225
0,18165	-0,060095
0,1817	-0,0600712
0,18175	-0,060055
0,1818	-0,0600437
0,18185	-0,0600362
0,1819	-0,0600275
0,18195	-0,06001
0,182	-0,05998
0,18205	-0,0599388
0,1821	-0,0599012
0,18215	-0,0598788
0,1822	-0,0598763
0,18225	-0,0598962
0,1823	-0,0599475
0,18235	-0,0600175
0,1824	-0,0600887
0,18245	-0,0601487
0,1825	-0,0601913
0,18255	-0,0602175
0,1826	-0,0602325
0,18265	-0,0602375
0,1827	-0,0602362
0,18275	-0,0602312
0,1828	-0,0602275
0,18285	-0,060225
0,1829	-0,0602238
0,18295	-0,06022
0,183	-0,0602137
0,18305	-0,0602013
0,1831	-0,0601837
0,18315	-0,0601625
0,1832	-0,0601413
0,18325	-0,0601275
0,1833	-0,0601225
0,18335	-0,0601275
0,1834	-0,0601475
0,18345	-0,0601775
0,1835	-0,0602013
0,18355	-0,0602137
0,1836	-0,0602075
0,18365	-0,06017
0,1837	-0,0601038
0,18375	-0,06002
0,1838	-0,0599325
0,18385	-0,0598575
0,1839	-0,0598025
0,18395	-0,0597675
0,184	-0,05975
0,18405	-0,0597425
0,1841	-0,0597375
0,18415	-0,05973
0,1842	-0,0597138
0,18425	-0,0596863
0,1843	-0,05965
0,18435	-0,05961
0,1844	-0,059575
0,18445	-0,05955
0,1845	-0,0595362
0,18455	-0,05953
0,1846	-0,0595275
0,18465	-0,0595225
0,1847	-0,05951
0,18475	-0,0594838
0,1848	-0,0594462
0,18485	-0,0594075
0,1849	-0,0593788
0,18495	-0,0593662
0,185	-0,0593688
0,18505	-0,0593875
0,1851	-0,05941
0,18515	-0,0594237
0,1852	-0,0594263
0,18525	-0,05942
0,1853	-0,0594013
0,18535	-0,0593763
0,1854	-0,0593525
0,18545	-0,0593325
0,1855	-0,0593175
0,18555	-0,0593037
0,1856	-0,0592938
0,18565	-0,0592888
0,1857	-0,0592888
0,18575	-0,0592963
0,1858	-0,0593112
0,18585	-0,05933
0,1859	-0,059345
0,18595	-0,0593538
0,186	-0,0593538
0,18605	-0,059345
0,1861	-0,0593325
0,18615	-0,0593238
0,1862	-0,0593238
0,18625	-0,0593312
0,1863	-0,05935
0,18635	-0,0593725
0,1864	-0,0593862
0,18645	-0,05939
0,1865	-0,0593862
0,18655	-0,0593725
0,1866	-0,0593575
0,18665	-0,0593513
0,1867	-0,0593612
0,18675	-0,0594038
0,1868	-0,0594787
0,18685	-0,05957
0,1869	-0,0596588
0,18695	-0,05973
0,187	-0,05978
0,18705	-0,059805
0,1871	-0,0598112
0,18715	-0,0598075
0,1872	-0,05979
0,18725	-0,0597688
0,1873	-0,0597562
0,18735	-0,059755
0,1874	-0,0597638
0,18745	-0,0597763
0,1875	-0,059785
0,18755	-0,0597862
0,1876	-0,0597825
0,18765	-0,0597663
0,1877	-0,0597438
0,18775	-0,0597237
0,1878	-0,05971
0,18785	-0,0597037
0,1879	-0,0597012
0,18795	-0,0596937
0,188	-0,0596775
0,18805	-0,0596538
0,1881	-0,0596263
0,18815	-0,0596
0,1882	-0,0595763
0,18825	-0,0595513
0,1883	-0,05952
0,18835	-0,0594838
0,1884	-0,0594363
0,18845	-0,05938
0,1885	-0,0593163
0,18855	-0,0592537
0,1886	-0,059205
0,18865	-0,0591788
0,1887	-0,059175
0,18875	-0,059185
0,1888	-0,0592013
0,18885	-0,0592138
0,1889	-0,0592138
0,18895	-0,0592013
0,189	-0,0591662
0,18905	-0,0591188
0,1891	-0,0590675
0,18915	-0,059025
0,1892	-0,058995
0,18925	-0,0589775
0,1893	-0,0589675
0,18935	-0,0589625
0,1894	-0,0589538
0,18945	-0,0589425
0,1895	-0,0589313
0,18955	-0,0589225
0,1896	-0,0589188
0,18965	-0,0589162
0,1897	-0,0589112
0,18975	-0,0588963
0,1898	-0,05887
0,18985	-0,0588375
0,1899	-0,0588063
0,18995	-0,0587825
0,19	-0,05877
0,19005	-0,0587687
0,1901	-0,0587763
0,19015	-0,0587863
0,1902	-0,058795
0,19025	-0,0587962
0,1903	-0,0587875
0,19035	-0,0587588
0,1904	-0,05871
0,19045	-0,0586512
0,1905	-0,058595
0,19055	-0,05855
0,1906	-0,0585175
0,19065	-0,0584963
0,1907	-0,0584788
0,19075	-0,0584637
0,1908	-0,0584488
0,19085	-0,0584262
0,1909	-0,058395
0,19095	-0,0583563
0,191	-0,058315
0,19105	-0,0582862
0,1911	-0,0582763
0,19115	-0,0582837
0,1912	-0,0583212
0,19125	-0,0583813
0,1913	-0,0584537
0,19135	-0,0585288
0,1914	-0,0586012
0,19145	-0,0586625
0,1915	-0,0587087
0,19155	-0,05874
0,1916	-0,05876
0,19165	-0,0587712
0,1917	-0,0587788
0,19175	-0,0587825
0,1918	-0,0587838
0,19185	-0,0587813
0,1919	-0,0587788
0,19195	-0,0587725
0,192	-0,058765
0,19205	-0,0587563
0,1921	-0,05875
0,19215	-0,0587475
0,1922	-0,0587475
0,19225	-0,0587488
0,1923	-0,0587525
0,19235	-0,058755
0,1924	-0,0587563
0,19245	-0,0587525
0,1925	-0,05874
0,19255	-0,058715
0,1926	-0,0586812
0,19265	-0,05864
0,1927	-0,0585888
0,19275	-0,058525
0,1928	-0,05845
0,19285	-0,0583712
0,1929	-0,0583
0,19295	-0,0582463
0,193	-0,058215
0,19305	-0,058205
0,1931	-0,0582087
0,19315	-0,0582325
0,1932	-0,0582675
0,19325	-0,0583025
0,1933	-0,0583275
0,19335	-0,0583412
0,1934	-0,058345
0,19345	-0,058345
0,1935	-0,0583437
0,19355	-0,058345
0,1936	-0,0583512
0,19365	-0,0583625
0,1937	-0,0583775
0,19375	-0,0583938
0,1938	-0,0584075
0,19385	-0,058415
0,1939	-0,0584163
0,19395	-0,05841
0,194	-0,0583925
0,19405	-0,0583663
0,1941	-0,0583363
0,19415	-0,058305
0,1942	-0,05828
0,19425	-0,0582587
0,1943	-0,0582425
0,19435	-0,0582263
0,1944	-0,0582037
0,19445	-0,058175
0,1945	-0,0581425
0,19455	-0,0581125
0,1946	-0,0580862
0,19465	-0,0580637
0,1947	-0,0580387
0,19475	-0,0580087
0,1948	-0,05797
0,19485	-0,0579225
0,1949	-0,0578675
0,19495	-0,0578087
0,195	-0,057755
0,19505	-0,0577087
0,1951	-0,057675
0,19515	-0,0576525
0,1952	-0,05764
0,19525	-0,05763
0,1953	-0,0576225
0,19535	-0,0576112
0,1954	-0,057595
0,19545	-0,0575787
0,1955	-0,05756
0,19555	-0,05754
0,1956	-0,0575188
0,19565	-0,0574938
0,1957	-0,0574712
0,19575	-0,0574588
0,1958	-0,05746
0,19585	-0,0574813
0,1959	-0,05752
0,19595	-0,05757
0,196	-0,0576275
0,19605	-0,057685
0,1961	-0,0577388
0,19615	-0,0577787
0,1962	-0,057805
0,19625	-0,0578163
0,1963	-0,0578175
0,19635	-0,05781
0,1964	-0,057795
0,19645	-0,057775
0,1965	-0,0577525
0,19655	-0,0577338
0,1966	-0,0577188
0,19665	-0,0577087
0,1967	-0,0576987
0,19675	-0,05769
0,1968	-0,0576825
0,19685	-0,0576762
0,1969	-0,0576738
0,19695	-0,0576738
0,197	-0,0576775
0,19705	-0,0576788
0,1971	-0,057675
0,19715	-0,0576588
0,1972	-0,0576238
0,19725	-0,0575662
0,1973	-0,0574888
0,19735	-0,0573975
0,1974	-0,057305
0,19745	-0,057225
0,1975	-0,0571662
0,19755	-0,0571238
0,1976	-0,0570913
0,19765	-0,05706
0,1977	-0,0570263
0,19775	-0,0569938
0,1978	-0,0569663
0,19785	-0,0569475
0,1979	-0,0569375
0,19795	-0,05693
0,198	-0,0569238
0,19805	-0,05691
0,1981	-0,0568888
0,19815	-0,056865
0,1982	-0,05684
0,19825	-0,056815
0,1983	-0,0567925
0,19835	-0,0567675
0,1984	-0,0567437
0,19845	-0,0567263
0,1985	-0,0567138
0,19855	-0,0567025
0,1986	-0,0566875
0,19865	-0,056665
0,1987	-0,0566387
0,19875	-0,0566125
0,1988	-0,0565962
0,19885	-0,05659
0,1989	-0,0565913
0,19895	-0,0565962
0,199	-0,056595
0,19905	-0,05658
0,1991	-0,0565425
0,19915	-0,0564962
0,1992	-0,0564587
0,19925	-0,0564388
0,1993	-0,0564375
0,19935	-0,0564512
0,1994	-0,0564738
0,19945	-0,056495
0,1995	-0,0565112
0,19955	-0,0565187
0,1996	-0,0565175
0,19965	-0,0565063
0,1997	-0,05649
0,19975	-0,0564738
0,1998	-0,0564625
0,19985	-0,0564575
0,1999	-0,056455
0,19995	-0,056455
0,2	-0,0564537
0,20005	-0,05645
0,2001	-0,056445
0,20015	-0,0564388
0,2002	-0,0564375
0,20025	-0,0564412
0,2003	-0,0564525
0,20035	-0,0564738
0,2004	-0,0565025
0,20045	-0,05654
0,2005	-0,0565813
0,20055	-0,05662
0,2006	-0,0566538
0,20065	-0,0566762
0,2007	-0,0566913
0,20075	-0,0566988
0,2008	-0,056705
0,20085	-0,0567125
0,2009	-0,05672
0,20095	-0,0567275
0,201	-0,0567325
0,20105	-0,0567375
0,2011	-0,0567413
0,20115	-0,0567425
0,2012	-0,0567425
0,20125	-0,0567362
0,2013	-0,0567212
0,20135	-0,0566988
0,2014	-0,0566725
0,20145	-0,0566425
0,2015	-0,0566112
0,20155	-0,0565775
0,2016	-0,0565438
0,20165	-0,0565125
0,2017	-0,0564775
0,20175	-0,056435
0,2018	-0,056385
0,20185	-0,0563313
0,2019	-0,056275
0,20195	-0,0562213
0,202	-0,05617
0,20205	-0,056125
0,2021	-0,0560887
0,20215	-0,0560625
0,2022	-0,0560462
0,20225	-0,0560388
0,2023	-0,0560338
0,20235	-0,056025
0,2024	-0,0560113
0,20245	-0,0559938
0,2025	-0,0559725
0,20255	-0,05595
0,2026	-0,0559312
0,20265	-0,0559138
0,2027	-0,0559013
0,20275	-0,0558937
0,2028	-0,0558875
0,20285	-0,05588
0,2029	-0,0558725
0,20295	-0,0558637
0,203	-0,0558575
0,20305	-0,0558513
0,2031	-0,0558425
0,20315	-0,05583
0,2032	-0,0558175
0,20325	-0,0558037
0,2033	-0,0557938
0,20335	-0,0557875
0,2034	-0,0557837
0,20345	-0,0557813
0,2035	-0,0557737
0,20355	-0,0557588
0,2036	-0,0557337
0,20365	-0,0557
0,2037	-0,055665
0,20375	-0,0556325
0,2038	-0,0556025
0,20385	-0,0555738
0,2039	-0,0555475
0,20395	-0,0555275
0,204	-0,0555138
0,20405	-0,0555037
0,2041	-0,0554937
0,20415	-0,0554838
0,2042	-0,0554738
0,20425	-0,0554675
0,2043	-0,055465
0,20435	-0,0554637
0,2044	-0,055465
0,20445	-0,0554662
0,2045	-0,0554637
0,20455	-0,055455
0,2046	-0,0554362
0,20465	-0,055415
0,2047	-0,055395
0,20475	-0,0553812
0,2048	-0,0553763
0,20485	-0,0553763
0,2049	-0,0553825
0,20495	-0,0553975
0,205	-0,0554262
0,20505	-0,0554712
0,2051	-0,0555262
0,20515	-0,055585
0,2052	-0,0556375
0,20525	-0,055675
0,2053	-0,055695
0,20535	-0,0556988
0,2054	-0,0556962
0,20545	-0,0556838
0,2055	-0,05567
0,20555	-0,0556612
0,2056	-0,05566
0,20565	-0,0556662
0,2057	-0,05568
0,20575	-0,055695
0,2058	-0,0557038
0,20585	-0,0557038
0,2059	-0,0557
0,20595	-0,055695
0,206	-0,0556912
0,20605	-0,0556875
0,2061	-0,055685
0,20615	-0,055675
0,2062	-0,05565
0,20625	-0,0556013
0,2063	-0,055525
0,20635	-0,0554238
0,2064	-0,0553125
0,20645	-0,0552075
0,2065	-0,0551188
0,20655	-0,0550513
0,2066	-0,0550013
0,20665	-0,054965
0,2067	-0,05494
0,20675	-0,0549175
0,2068	-0,0548975
0,20685	-0,0548737
0,2069	-0,0548475
0,20695	-0,0548213
0,207	-0,0548
0,20705	-0,0547862
0,2071	-0,054785
0,20715	-0,0547925
0,2072	-0,0548187
0,20725	-0,0548488
0,2073	-0,0548663
0,20735	-0,05486
0,2074	-0,0548263
0,20745	-0,0547725
0,2075	-0,0547137
0,20755	-0,05466
0,2076	-0,0546113
0,20765	-0,05457
0,2077	-0,054535
0,20775	-0,0545087
0,2078	-0,0544887
0,20785	-0,0544713
0,2079	-0,0544537
0,20795	-0,0544337
0,208	-0,054415
0,20805	-0,0543975
0,2081	-0,0543863
0,20815	-0,0543813
0,2082	-0,05438
0,20825	-0,0543838
0,2083	-0,0543863
0,20835	-0,0543888
0,2084	-0,0543875
0,20845	-0,0543825
0,2085	-0,0543775
0,20855	-0,0543737
0,2086	-0,0543713
0,20865	-0,0543687
0,2087	-0,05437
0,20875	-0,0543725
0,2088	-0,0543787
0,20885	-0,0543925
0,2089	-0,0544112
0,20895	-0,054435
0,209	-0,0544638
0,20905	-0,0544875
0,2091	-0,0545
0,20915	-0,0545
0,2092	-0,0544837
0,20925	-0,0544588
0,2093	-0,0544363
0,20935	-0,0544263
0,2094	-0,0544313
0,20945	-0,05446
0,2095	-0,0545087
0,20955	-0,05457
0,2096	-0,0546338
0,20965	-0,054695
0,2097	-0,0547625
0,20975	-0,05484
0,2098	-0,0549287
0,20985	-0,0550175
0,2099	-0,055095
0,20995	-0,0551513
0,21	-0,0551875
0,21005	-0,0552038
0,2101	-0,0552075
0,21015	-0,0552025
0,2102	-0,0551862
0,21025	-0,0551663
0,2103	-0,05515
0,21035	-0,05514
0,2104	-0,0551388
0,21045	-0,0551412
0,2105	-0,0551425
0,21055	-0,0551438
0,2106	-0,0551425
0,21065	-0,0551425
0,2107	-0,0551438
0,21075	-0,0551438
0,2108	-0,0551388
0,21085	-0,0551188
0,2109	-0,055075
0,21095	-0,0550088
0,211	-0,054925
0,21105	-0,0548363
0,2111	-0,0547475
0,21115	-0,0546675
0,2112	-0,0545987
0,21125	-0,0545313
0,2113	-0,0544562
0,21135	-0,0543687
0,2114	-0,0542713
0,21145	-0,0541762
0,2115	-0,0540913
0,21155	-0,0540238
0,2116	-0,0539675
0,21165	-0,0539225
0,2117	-0,0538862
0,21175	-0,05386
0,2118	-0,0538412
0,21185	-0,0538287
0,2119	-0,05382
0,21195	-0,05381
0,212	-0,0537913
0,21205	-0,053765
0,2121	-0,0537338
0,21215	-0,0537063
0,2122	-0,05369
0,21225	-0,05369
0,2123	-0,0537
0,21235	-0,0537113
0,2124	-0,0537175
0,21245	-0,053715
0,2125	-0,053695
0,21255	-0,05366
0,2126	-0,0536175
0,21265	-0,0535825
0,2127	-0,0535588
0,21275	-0,0535487
0,2128	-0,0535462
0,21285	-0,0535487
0,2129	-0,0535487
0,21295	-0,0535462
0,213	-0,053535
0,21305	-0,053515
0,2131	-0,053485
0,21315	-0,0534462
0,2132	-0,0533988
0,21325	-0,0533525
0,2133	-0,0533163
0,21335	-0,0533
0,2134	-0,0533
0,21345	-0,0533188
0,2135	-0,053345
0,21355	-0,0533675
0,2136	-0,05338
0,21365	-0,0533825
0,2137	-0,05338
0,21375	-0,0533775
0,2138	-0,05338
0,21385	-0,053395
0,2139	-0,05343
0,21395	-0,0534787
0,214	-0,0535325
0,21405	-0,0535837
0,2141	-0,0536238
0,21415	-0,0536525
0,2142	-0,0536688
0,21425	-0,0536788
0,2143	-0,0536875
0,21435	-0,0536975
0,2144	-0,0537075
0,21445	-0,053715
0,2145	-0,05372
0,21455	-0,0537238
0,2146	-0,0537312
0,21465	-0,0537375
0,2147	-0,05374
0,21475	-0,0537375
0,2148	-0,053725
0,21485	-0,0537037
0,2149	-0,053675
0,21495	-0,0536475
0,215	-0,0536238
0,21505	-0,0536075
0,2151	-0,0535963
0,21515	-0,0535913
0,2152	-0,0535863
0,21525	-0,0535825
0,2153	-0,0535713
0,21535	-0,0535462
0,2154	-0,0535062
0,21545	-0,0534512
0,2155	-0,0533862
0,21555	-0,0533125
0,2156	-0,0532313
0,21565	-0,0531475
0,2157	-0,0530725
0,21575	-0,0530163
0,2158	-0,0529788
0,21585	-0,0529562
0,2159	-0,05294
0,21595	-0,0529163
0,216	-0,0528825
0,21605	-0,05284
0,2161	-0,052795
0,21615	-0,05276
0,2162	-0,05274
0,21625	-0,052735
0,2163	-0,0527375
0,21635	-0,052745
0,2164	-0,0527538
0,21645	-0,0527587
0,2165	-0,05276
0,21655	-0,05276
0,2166	-0,05275
0,21665	-0,05272
0,2167	-0,0526625
0,21675	-0,0525737
0,2168	-0,0524663
0,21685	-0,0523538
0,2169	-0,0522525
0,21695	-0,0521787
0,217	-0,0521425
0,21705	-0,0521412
0,2171	-0,0521687
0,21715	-0,0522125
0,2172	-0,0522575
0,21725	-0,0522975
0,2173	-0,0523313
0,21735	-0,0523538
0,2174	-0,0523662
0,21745	-0,0523675
0,2175	-0,0523625
0,21755	-0,0523575
0,2176	-0,0523575
0,21765	-0,0523612
0,2177	-0,0523738
0,21775	-0,0523912
0,2178	-0,0524075
0,21785	-0,052415
0,2179	-0,0524125
0,21795	-0,0523987
0,218	-0,052375
0,21805	-0,0523475
0,2181	-0,0523225
0,21815	-0,052305
0,2182	-0,0522937
0,21825	-0,0522875
0,2183	-0,05228
0,21835	-0,0522713
0,2184	-0,0522662
0,21845	-0,052265
0,2185	-0,052275
0,21855	-0,05231
0,2186	-0,0523725
0,21865	-0,0524587
0,2187	-0,0525575
0,21875	-0,0526512
0,2188	-0,0527225
0,21885	-0,052765
0,2189	-0,0527837
0,21895	-0,0527875
0,219	-0,0527813
0,21905	-0,0527675
0,2191	-0,0527488
0,21915	-0,052725
0,2192	-0,0527025
0,21925	-0,0526863
0,2193	-0,0526787
0,21935	-0,05268
0,2194	-0,0526887
0,21945	-0,0527037
0,2195	-0,0527238
0,21955	-0,0527437
0,2196	-0,05276
0,21965	-0,0527712
0,2197	-0,052775
0,21975	-0,05277
0,2198	-0,0527475
0,21985	-0,0527037
0,2199	-0,0526375
0,21995	-0,0525538
0,22	-0,05246
0,22005	-0,0523675
0,2201	-0,0522825
0,22015	-0,0522112
0,2202	-0,052155
0,22025	-0,0521087
0,2203	-0,0520713
0,22035	-0,0520338
0,2204	-0,0519962
0,22045	-0,05196
0,2205	-0,0519262
0,22055	-0,0519
0,2206	-0,0518812
0,22065	-0,0518662
0,2207	-0,0518537
0,22075	-0,0518387
0,2208	-0,0518225
0,22085	-0,051805
0,2209	-0,05179
0,22095	-0,0517813
0,221	-0,0517787
0,22105	-0,0517813
0,2211	-0,0517913
0,22115	-0,0518012
0,2212	-0,0518062
0,22125	-0,0518075
0,2213	-0,0518062
0,22135	-0,0518
0,2214	-0,0517938
0,22145	-0,0517863
0,2215	-0,0517813
0,22155	-0,0517813
0,2216	-0,0517825
0,22165	-0,0517813
0,2217	-0,0517787
0,22175	-0,0517737
0,2218	-0,0517712
0,22185	-0,0517687
0,2219	-0,0517687
0,22195	-0,051765
0,222	-0,0517562
0,22205	-0,0517425
0,2221	-0,0517175
0,22215	-0,0516838
0,2222	-0,0516412
0,22225	-0,0515975
0,2223	-0,0515625
0,22235	-0,0515363
0,2224	-0,0515187
0,22245	-0,0515088
0,2225	-0,0515013
0,22255	-0,051495
0,2226	-0,05149
0,22265	-0,0514813
0,2227	-0,05147
0,22275	-0,0514538
0,2228	-0,0514387
0,22285	-0,0514288
0,2229	-0,0514288
0,22295	-0,0514413
0,223	-0,051475
0,22305	-0,05153
0,2231	-0,0516
0,22315	-0,0516775
0,2232	-0,0517525
0,22325	-0,05182
0,2233	-0,0518763
0,22335	-0,0519175
0,2234	-0,051945
0,22345	-0,0519625
0,2235	-0,0519725
0,22355	-0,0519812
0,2236	-0,0519863
0,22365	-0,0519888
0,2237	-0,0519888
0,22375	-0,0519888
0,2238	-0,0519925
0,22385	-0,052
0,2239	-0,0520113
0,22395	-0,0520175
0,224	-0,0520163
0,22405	-0,0520063
0,2241	-0,0519875
0,22415	-0,0519662
0,2242	-0,0519487
0,22425	-0,0519338
0,2243	-0,0519188
0,22435	-0,0518963
0,2244	-0,0518662
0,22445	-0,0518275
0,2245	-0,051785
0,22455	-0,05174
0,2246	-0,051695
0,22465	-0,0516525
0,2247	-0,0516163
0,22475	-0,0515888
0,2248	-0,0515688
0,22485	-0,0515563
0,2249	-0,0515475
0,22495	-0,0515375
0,225	-0,0515225
0,22505	-0,0515
0,2251	-0,0514712
0,22515	-0,0514413
0,2252	-0,051415
0,22525	-0,0514
0,2253	-0,0513963
0,22535	-0,0513988
0,2254	-0,0514088
0,22545	-0,05142
0,2255	-0,0514288
0,22555	-0,0514312
0,2256	-0,05143
0,22565	-0,0514225
0,2257	-0,05141
0,22575	-0,0513913
0,2258	-0,0513725
0,22585	-0,051355
0,2259	-0,05134
0,22595	-0,051325
0,226	-0,0513113
0,22605	-0,0512988
0,2261	-0,0512875
0,22615	-0,0512737
0,2262	-0,05126
0,22625	-0,0512475
0,2263	-0,0512412
0,22635	-0,051245
0,2264	-0,051265
0,22645	-0,0513012
0,2265	-0,0513525
0,22655	-0,0514125
0,2266	-0,0514725
0,22665	-0,0515225
0,2267	-0,0515587
0,22675	-0,05158
0,2268	-0,051595
0,22685	-0,0516087
0,2269	-0,0516213
0,22695	-0,0516325
0,227	-0,0516388
0,22705	-0,0516412
0,2271	-0,0516425
0,22715	-0,0516425
0,2272	-0,0516475
0,22725	-0,0516587
0,2273	-0,05167
0,22735	-0,0516788
0,2274	-0,0516788
0,22745	-0,05167
0,2275	-0,0516562
0,22755	-0,0516462
0,2276	-0,0516475
0,22765	-0,05166
0,2277	-0,0516813
0,22775	-0,05171
0,2278	-0,0517412
0,22785	-0,0517613
0,2279	-0,051765
0,22795	-0,0517488
0,228	-0,051695
0,22805	-0,0516087
0,2281	-0,0515037
0,22815	-0,0514
0,2282	-0,0513163
0,22825	-0,0512625
0,2283	-0,0512325
0,22835	-0,0512163
0,2284	-0,0511962
0,22845	-0,0511663
0,2285	-0,0511262
0,22855	-0,0510838
0,2286	-0,0510487
0,22865	-0,0510225
0,2287	-0,051005
0,22875	-0,0509913
0,2288	-0,0509725
0,22885	-0,0509488
0,2289	-0,0509163
0,22895	-0,0508787
0,229	-0,0508387
