0	-0,055213
0,00005	-0,05521298
0,0001	-0,05513424
0,00015	-0,05515
0,0002	-0,05537
0,00025	-0,05515052
0,0003	-0,05524448
0,00035	-0,05522878
0,0004	-0,05510302
0,00045	-0,05526
0,0005	-0,0551815
0,00055	-0,05514976
0,0006	-0,0551505
0,00065	-0,05519726
0,0007	-0,05543276
0,00075	-0,05537026
0,0008	-0,05532302
0,00085	-0,05530726
0,0009	-0,05529152
0,00095	-0,05538502
0,001	-0,05541676
0,00105	-0,05532252
0,0011	-0,05543224
0,00115	-0,05538548
0,0012	-0,055401
0,00125	-0,05544798
0,0013	-0,0552755
0,00135	-0,05536976
0,0014	-0,055291
0,00145	-0,05530676
0,0015	-0,0553545
0,00155	-0,05519724
0,0016	-0,05526
0,00165	-0,05514998
0,0017	-0,055166
0,00175	-0,05511876
0,0018	-0,05507176
0,00185	-0,055213
0,0019	-0,0551345
0,00195	-0,05511848
0,002	-0,0551975
0,00205	-0,05515024
0,0021	-0,05529124
0,00215	-0,05527548
0,0022	-0,05533824
0,00225	-0,0551975
0,0023	-0,0550875
0,00235	-0,0551815
0,0024	-0,05508776
0,00245	-0,05508776
0,0025	-0,055166
0,00255	-0,055119
0,0026	-0,05516574
0,00265	-0,0551035
0,0027	-0,05525996
0,00275	-0,05527548
0,0028	-0,05529122
0,00285	-0,05524424
0,0029	-0,05529122
0,00295	-0,0552915
0,003	-0,05530698
0,00305	-0,05529174
0,0031	-0,05515
0,00315	-0,05518124
0,0032	-0,0552605
0,00325	-0,05543276
0,0033	-0,05527602
0,00335	-0,0551505
0,0034	-0,05524424
0,00345	-0,05507176
0,0035	-0,055072
0,00355	-0,05510324
0,0036	-0,0549775
0,00365	-0,05511876
0,0037	-0,05493026
0,00375	-0,05504076
0,0038	-0,05505602
0,00385	-0,0550405
0,0039	-0,055056
0,00395	-0,0549305
0,004	-0,055056
0,00405	-0,05489926
0,0041	-0,05494676
0,00415	-0,05499324
0,0042	-0,0548055
0,00425	-0,0550405
0,0043	-0,05491476
0,00435	-0,054962
0,0044	-0,0549625
0,00445	-0,054868
0,0045	-0,05502498
0,00455	-0,054837
0,0046	-0,05497774
0,00465	-0,05489924
0,0047	-0,05485224
0,00475	-0,0548995
0,0048	-0,054915
0,00485	-0,05496174
0,0049	-0,05489926
0,00495	-0,05486826
0,005	-0,05486824
0,00505	-0,05486774
0,0051	-0,05485222
0,00515	-0,05483624
0,0052	-0,05482074
0,00525	-0,054774
0,0053	-0,05488376
0,00535	-0,05480526
0,0054	-0,054758
0,00545	-0,054664
0,0055	-0,05464848
0,00555	-0,05488326
0,0056	-0,05477374
0,00565	-0,05491474
0,0057	-0,05493024
0,00575	-0,05488374
0,0058	-0,05489948
0,00585	-0,05477372
0,0059	-0,054946
0,00595	-0,05491526
0,006	-0,05461698
0,00605	-0,054774
0,0061	-0,05458598
0,00615	-0,05475826
0,0062	-0,05474274
0,00625	-0,054758
0,0063	-0,05485248
0,00635	-0,05464824
0,0064	-0,05478974
0,00645	-0,05471126
0,0065	-0,05477376
0,00655	-0,054821
0,0066	-0,0547425
0,00665	-0,05479
0,0067	-0,05475826
0,00675	-0,0548215
0,0068	-0,054805
0,00685	-0,054727
0,0069	-0,05482124
0,00695	-0,054617
0,007	-0,05467976
0,00705	-0,05469502
0,0071	-0,054711
0,00715	-0,054758
0,0072	-0,05475826
0,00725	-0,05485174
0,0073	-0,05478926
0,00735	-0,05477424
0,0074	-0,054821
0,00745	-0,05475826
0,0075	-0,0547895
0,00755	-0,05475778
0,0076	-0,05478974
0,00765	-0,05474276
0,0077	-0,0547425
0,00775	-0,054805
0,0078	-0,05477376
0,00785	-0,05474274
0,0079	-0,054696
0,00795	-0,054648
0,008	-0,05461724
0,00805	-0,05460098
0,0081	-0,05455424
0,00815	-0,054554
0,0082	-0,05463274
0,00825	-0,05461724
0,0083	-0,0547425
0,00835	-0,0546485
0,0084	-0,05446024
0,00845	-0,05452276
0,0085	-0,05439772
0,00855	-0,05444424
0,0086	-0,05438174
0,00865	-0,05422472
0,0087	-0,05442876
0,00875	-0,05436574
0,0088	-0,05441324
0,00885	-0,0543975
0,0089	-0,05431922
0,00895	-0,0543975
0,009	-0,05430322
0,00905	-0,0544915
0,0091	-0,054319
0,00915	-0,0543975
0,0092	-0,05442872
0,00925	-0,05442872
0,0093	-0,05449148
0,00935	-0,05428774
0,0094	-0,05439748
0,00945	-0,054272
0,0095	-0,05427222
0,00955	-0,05433472
0,0096	-0,05431924
0,00965	-0,05431924
0,0097	-0,05427174
0,00975	-0,05433498
0,0098	-0,054366
0,00985	-0,05420974
0,0099	-0,054225
0,00995	-0,05424098
0,01	-0,05425624
0,01005	-0,05433448
0,0101	-0,0543035
0,01015	-0,054382
0,0102	-0,05442924
0,01025	-0,0544605
0,0103	-0,05439748
0,01035	-0,05449148
0,0104	-0,054382
0,01045	-0,05435022
0,0105	-0,05439698
0,01055	-0,05424074
0,0106	-0,05425624
0,01065	-0,05433498
0,0107	-0,054335
0,01075	-0,054178
0,0108	-0,05422496
0,01085	-0,05435048
0,0109	-0,0542405
0,01095	-0,05422498
0,011	-0,0542095
0,01105	-0,054319
0,0111	-0,05430348
0,01115	-0,05427222
0,0112	-0,05435048
0,01125	-0,05439776
0,0113	-0,05428774
0,01135	-0,05439722
0,0114	-0,05427248
0,01145	-0,0543505
0,0115	-0,0542565
0,01155	-0,05430324
0,0116	-0,0543345
0,01165	-0,0542405
0,0117	-0,05442872
0,01175	-0,05428746
0,0118	-0,05442898
0,01185	-0,05433448
0,0119	-0,05431898
0,01195	-0,05449174
0,012	-0,05441298
0,01205	-0,05435024
0,0121	-0,05430346
0,01215	-0,05435026
0,0122	-0,05431872
0,01225	-0,054225
0,0123	-0,05431898
0,01235	-0,05427172
0,0124	-0,05420896
0,01245	-0,05420922
0,0125	-0,05422472
0,01255	-0,05427172
0,0126	-0,05414672
0,01265	-0,05422496
0,0127	-0,05419348
0,01275	-0,05416222
0,0128	-0,0540995
0,01285	-0,05409974
0,0129	-0,05425624
0,01295	-0,05420898
0,013	-0,05430324
0,01305	-0,05416226
0,0131	-0,05416224
0,01315	-0,05406798
0,0132	-0,05402122
0,01325	-0,05413076
0,0133	-0,05398996
0,01335	-0,0541465
0,0134	-0,05397422
0,01345	-0,05394272
0,0135	-0,05402096
0,01355	-0,05394296
0,0136	-0,05405248
0,01365	-0,0538645
0,0137	-0,05398998
0,01375	-0,05405274
0,0138	-0,0540525
0,01385	-0,05411524
0,0139	-0,05397426
0,01395	-0,05397402
0,014	-0,05405248
0,01405	-0,05402148
0,0141	-0,05413096
0,01415	-0,05391174
0,0142	-0,05400576
0,01425	-0,05395872
0,0143	-0,05403698
0,01435	-0,05400548
0,0144	-0,0539585
0,01445	-0,05403724
0,0145	-0,05394276
0,01455	-0,05399024
0,0146	-0,05406826
0,01465	-0,05399
0,0147	-0,05408398
0,01475	-0,054037
0,0148	-0,05399
0,01485	-0,05406824
0,0149	-0,05406826
0,01495	-0,0540215
0,015	-0,05400598
0,01505	-0,05403722
0,0151	-0,05394276
0,01515	-0,05398974
0,0152	-0,05392702
0,01525	-0,05394274
0,0153	-0,054021
0,01535	-0,05399
0,0154	-0,05397448
0,01545	-0,05394302
0,0155	-0,05403678
0,01555	-0,05409948
0,0156	-0,05402126
0,01565	-0,054084
0,0157	-0,0539425
0,01575	-0,05419374
0,0158	-0,05405272
0,01585	-0,05410002
0,0159	-0,054131
0,01595	-0,0540685
0,016	-0,05414672
0,01605	-0,05395874
0,0161	-0,05411524
0,01615	-0,05409948
0,0162	-0,05411548
0,01625	-0,05420924
0,0163	-0,05403722
0,01635	-0,05424072
0,0164	-0,05411524
0,01645	-0,05413098
0,0165	-0,05427196
0,01655	-0,05408398
0,0166	-0,05411546
0,01665	-0,05405272
0,0167	-0,05406824
0,01675	-0,054131
0,0168	-0,05403674
0,01685	-0,054178
0,0169	-0,05397424
0,01695	-0,05395822
0,017	-0,05405248
0,01705	-0,05392724
0,0171	-0,05394298
0,01715	-0,05388
0,0172	-0,05397422
0,01725	-0,05389624
0,0173	-0,0539115
0,01735	-0,05394272
0,0174	-0,05395822
0,01745	-0,05394248
0,0175	-0,05384896
0,01755	-0,05394298
0,0176	-0,05375474
0,01765	-0,05375472
0,0177	-0,05372324
0,01775	-0,0536765
0,0178	-0,05372326
0,01785	-0,05356648
0,0179	-0,05367626
0,01795	-0,05364524
0,018	-0,053692
0,01805	-0,05377052
0,0181	-0,05361374
0,01815	-0,053739
0,0182	-0,0536605
0,01825	-0,05367624
0,0183	-0,05381774
0,01835	-0,05373898
0,0184	-0,05384924
0,01845	-0,05367626
0,0185	-0,05366074
0,01855	-0,053739
0,0186	-0,05367648
0,01865	-0,053755
0,0187	-0,05356648
0,01875	-0,05367624
0,0188	-0,05366074
0,01885	-0,05370748
0,0189	-0,05378596
0,01895	-0,05362924
0,019	-0,05366076
0,01905	-0,05372324
0,0191	-0,05362924
0,01915	-0,05369174
0,0192	-0,05361398
0,01925	-0,05362948
0,0193	-0,05366048
0,01935	-0,05377026
0,0194	-0,05380176
0,01945	-0,05372298
0,0195	-0,053739
0,01955	-0,05372346
0,0196	-0,05367648
0,01965	-0,05361376
0,0197	-0,05361376
0,01975	-0,05345726
0,0198	-0,05344126
0,01985	-0,053504
0,0199	-0,05355102
0,01995	-0,05361374
0,02	-0,05358226
0,02005	-0,05355124
0,0201	-0,053692
0,02015	-0,05362952
0,0202	-0,053708
0,02025	-0,05372324
0,0203	-0,05383326
0,02035	-0,05381778
0,0204	-0,05366126
0,02045	-0,05389572
0,0205	-0,05375498
0,02055	-0,05386446
0,0206	-0,053786
0,02065	-0,05389548
0,0207	-0,05394298
0,02075	-0,05392698
0,0208	-0,05408398
0,02085	-0,05394276
0,0209	-0,05395874
0,02095	-0,05402172
0,021	-0,05392726
0,02105	-0,05411498
0,0211	-0,05397448
0,02115	-0,05403722
0,0212	-0,05392722
0,02125	-0,05392746
0,0213	-0,0540525
0,02135	-0,05384878
0,0214	-0,05389576
0,02145	-0,053849
0,0215	-0,05377048
0,02155	-0,05373948
0,0216	-0,05364526
0,02165	-0,0537235
0,0217	-0,05366074
0,02175	-0,05369202
0,0218	-0,05372328
0,02185	-0,05370776
0,0219	-0,05372328
0,02195	-0,05359798
0,022	-0,05361376
0,02205	-0,05366054
0,0221	-0,05337898
0,02215	-0,053457
0,0222	-0,05344126
0,02225	-0,05355102
0,0223	-0,05351974
0,02235	-0,05345676
0,0224	-0,05340996
0,02245	-0,05341
0,0225	-0,0534415
0,02255	-0,0533785
0,0226	-0,05337902
0,02265	-0,0534415
0,0227	-0,05345726
0,02275	-0,05347274
0,0228	-0,05344128
0,02285	-0,05355124
0,0229	-0,053441
0,02295	-0,05353548
0,023	-0,053473
0,02305	-0,05351976
0,0231	-0,0534885
0,02315	-0,05340978
0,0232	-0,05359778
0,02325	-0,05347276
0,0233	-0,05347274
0,02335	-0,0534885
0,0234	-0,0533315
0,02345	-0,05342548
0,0235	-0,053363
0,02355	-0,05339452
0,0236	-0,05342602
0,02365	-0,05345726
0,0237	-0,05356672
0,02375	-0,0534415
0,0238	-0,05341
0,02385	-0,05336248
0,0239	-0,05339424
0,02395	-0,05347248
0,024	-0,05334702
0,02405	-0,05347224
0,0241	-0,053363
0,02415	-0,05336274
0,0242	-0,05339398
0,02425	-0,05330026
0,0243	-0,053238
0,02435	-0,05322174
0,0244	-0,05331598
0,02445	-0,05330002
0,0245	-0,05323774
0,02455	-0,05334724
0,0246	-0,05326874
0,02465	-0,05330026
0,0247	-0,05330024
0,02475	-0,0533945
0,0248	-0,05326876
0,02485	-0,05337852
0,0249	-0,05341002
0,02495	-0,05331576
0,025	-0,05325324
0,02505	-0,05325298
0,0251	-0,05333174
0,02515	-0,05326878
0,0252	-0,053347
0,02525	-0,05336298
0,0253	-0,05325324
0,02535	-0,05347252
0,0254	-0,05339426
0,02545	-0,05339426
0,0255	-0,053347
0,02555	-0,05328448
0,0256	-0,05342576
0,02565	-0,05333174
0,0257	-0,053332
0,02575	-0,0533315
0,0258	-0,05320624
0,02585	-0,05331604
0,0259	-0,0531435
0,02595	-0,05328448
0,026	-0,05315924
0,02605	-0,05317476
0,0261	-0,05325326
0,02615	-0,05309624
0,0262	-0,05317476
0,02625	-0,0532375
0,0263	-0,053065
0,02635	-0,0531905
0,0264	-0,05308074
0,02645	-0,05309648
0,0265	-0,05308076
0,02655	-0,05304926
0,0266	-0,05308072
0,02665	-0,0529395
0,0267	-0,05298676
0,02675	-0,0527985
0,0268	-0,05290774
0,02685	-0,05292426
0,0269	-0,05286124
0,02695	-0,05279826
0,027	-0,0527985
0,02705	-0,05286124
0,0271	-0,05275126
0,02715	-0,052845
0,0272	-0,05284526
0,02725	-0,05278302
0,0273	-0,05289226
0,02735	-0,05292374
0,0274	-0,05297102
0,02745	-0,05284576
0,0275	-0,05289252
0,02755	-0,05292378
0,0276	-0,05295524
0,02765	-0,05297074
0,0277	-0,05282974
0,02775	-0,05289252
0,0278	-0,05286126
0,02785	-0,05284552
0,0279	-0,05290824
0,02795	-0,05278274
0,028	-0,05293976
0,02805	-0,05289302
0,0281	-0,05290826
0,02815	-0,05278276
0,0282	-0,05281426
0,02825	-0,05295576
0,0283	-0,05283002
0,02835	-0,05292352
0,0284	-0,05292402
0,02845	-0,05283
0,0285	-0,05303376
0,02855	-0,05287676
0,0286	-0,05300202
0,02865	-0,05286126
0,0287	-0,052924
0,02875	-0,05290774
0,0288	-0,0527515
0,02885	-0,05292374
0,0289	-0,05272052
0,02895	-0,0527515
0,029	-0,05282974
0,02905	-0,0527515
0,0291	-0,05278302
0,02915	-0,05268874
0,0292	-0,05279852
0,02925	-0,05284526
0,0293	-0,05278274
0,02935	-0,05286128
0,0294	-0,0527045
0,02945	-0,05282978
0,0295	-0,05286126
0,02955	-0,05268876
0,0296	-0,05279824
0,02965	-0,052783
0,0297	-0,05278276
0,02975	-0,052814
0,0298	-0,05281376
0,02985	-0,052877
0,0299	-0,052971
0,02995	-0,05281424
0,03	-0,0527825
0,03005	-0,05290824
0,0301	-0,052783
0,03015	-0,0528455
0,0302	-0,05275124
0,03025	-0,0528295
0,0303	-0,05282974
0,03035	-0,052704
0,0304	-0,052861
0,03045	-0,052783
0,0305	-0,052814
0,03055	-0,05281426
0,0306	-0,05268824
0,03065	-0,05275148
0,0307	-0,05261
0,03075	-0,0527045
0,0308	-0,05259452
0,03085	-0,05257876
0,0309	-0,05273602
0,03095	-0,05259424
0,031	-0,05267326
0,03105	-0,05257874
0,0311	-0,052579
0,03115	-0,05259424
0,0312	-0,05245376
0,03125	-0,05251626
0,0313	-0,052406
0,03135	-0,05239098
0,0314	-0,05251624
0,03145	-0,05229698
0,0315	-0,052391
0,03155	-0,05237502
0,0316	-0,05237524
0,03165	-0,0524225
0,0317	-0,05231274
0,03175	-0,05234374
0,0318	-0,05232774
0,03185	-0,05245348
0,0319	-0,05232826
0,03195	-0,05239074
0,032	-0,05237504
0,03205	-0,052469
0,0321	-0,052485
0,03215	-0,05248502
0,0322	-0,05245326
0,03225	-0,05237522
0,0323	-0,05248476
0,03235	-0,052422
0,0324	-0,052391
0,03245	-0,05243776
0,0325	-0,052328
0,03255	-0,05243828
0,0326	-0,05245324
0,03265	-0,05245348
0,0327	-0,05251626
0,03275	-0,05239078
0,0328	-0,05245326
0,03285	-0,05231202
0,0329	-0,052391
0,03295	-0,0523595
0,033	-0,05229674
0,03305	-0,05245348
0,0331	-0,05228076
0,03315	-0,05240654
0,0332	-0,05235928
0,03325	-0,05223398
0,0333	-0,052375
0,03335	-0,05225
0,0334	-0,05229674
0,03345	-0,05229702
0,0335	-0,05221824
0,03355	-0,05226522
0,0336	-0,05207724
0,03365	-0,05223422
0,0337	-0,05217124
0,03375	-0,0522495
0,0338	-0,05234374
0,03385	-0,05215526
0,0339	-0,05228102
0,03395	-0,0521715
0,034	-0,05226524
0,03405	-0,05237498
0,0341	-0,05234374
0,03415	-0,05234352
0,0342	-0,052281
0,03425	-0,0522965
0,0343	-0,05229648
0,03435	-0,052391
0,0344	-0,05239074
0,03445	-0,05239074
0,0345	-0,052438
0,03455	-0,05239076
0,0346	-0,0523755
0,03465	-0,05239074
0,0347	-0,0524065
0,03475	-0,05237526
0,0348	-0,052375
0,03485	-0,05239074
0,0349	-0,05243776
0,03495	-0,05232824
0,035	-0,052281
0,03505	-0,0523125
0,0351	-0,05235976
0,03515	-0,05226574
0,0352	-0,0523125
0,03525	-0,052218
0,0353	-0,05221824
0,03535	-0,05221774
0,0354	-0,0521715
0,03545	-0,05229672
0,0355	-0,05210852
0,03555	-0,05226526
0,0356	-0,05218674
0,03565	-0,05196724
0,0357	-0,05210848
0,03575	-0,0518735
0,0358	-0,05193624
0,03585	-0,05187324
0,0359	-0,05185802
0,03595	-0,05198296
0,036	-0,05174802
0,03605	-0,05188922
0,0361	-0,05176376
0,03615	-0,05185774
0,0362	-0,05190498
0,03625	-0,0517165
0,0363	-0,05173226
0,03635	-0,051748
0,0364	-0,051795
0,03645	-0,05185776
0,0365	-0,0518265
0,03655	-0,05192026
0,0366	-0,0519045
0,03665	-0,05195174
0,0367	-0,05198278
0,03675	-0,05188924
0,0368	-0,05181078
0,03685	-0,0518105
0,0369	-0,05190476
0,03695	-0,0518265
0,037	-0,05187324
0,03705	-0,05188928
0,0371	-0,05179498
0,03715	-0,0518735
0,0372	-0,05195174
0,03725	-0,05196772
0,0373	-0,05185774
0,03735	-0,05193624
0,0374	-0,051999
0,03745	-0,052046
0,0375	-0,0519515
0,03755	-0,05193626
0,0376	-0,05198322
0,03765	-0,05193626
0,0377	-0,05184202
0,03775	-0,05199874
0,0378	-0,05190476
0,03785	-0,05185774
0,0379	-0,05188876
0,03795	-0,0519205
0,038	-0,05181076
0,03805	-0,05179472
0,0381	-0,05182648
0,03815	-0,05173248
0,0382	-0,05170074
0,03825	-0,05179476
0,0383	-0,05168526
0,03835	-0,05184174
0,0384	-0,051591
0,03845	-0,05174774
0,0385	-0,05166976
0,03855	-0,051654
0,0386	-0,05165402
0,03865	-0,051607
0,0387	-0,05160676
0,03875	-0,051607
0,0388	-0,05163822
0,03885	-0,05170098
0,0389	-0,05171674
0,03895	-0,05179498
0,039	-0,05176374
0,03905	-0,05182624
0,0391	-0,05173224
0,03915	-0,05174796
0,0392	-0,05174798
0,03925	-0,05177948
0,0393	-0,05171648
0,03935	-0,05171674
0,0394	-0,05171626
0,03945	-0,051654
0,0395	-0,05173224
0,03955	-0,05181048
0,0396	-0,051748
0,03965	-0,05170074
0,0397	-0,05163822
0,03975	-0,05160698
0,0398	-0,05152824
0,03985	-0,05160702
0,0399	-0,051497
0,03995	-0,0514505
0,04	-0,05154424
0,04005	-0,05140348
0,0401	-0,0514815
0,04015	-0,05143422
0,0402	-0,05137176
0,04025	-0,05134048
0,0403	-0,05130898
0,04035	-0,051403
0,0404	-0,05124622
0,04045	-0,05119954
0,0405	-0,051309
0,04055	-0,05112104
0,0406	-0,05134026
0,04065	-0,0511995
0,0407	-0,05123102
0,04075	-0,05119926
0,0408	-0,05112074
0,04085	-0,051168
0,0409	-0,05108978
0,04095	-0,05113676
0,041	-0,0511835
0,04105	-0,05112076
0,0411	-0,05121472
0,04115	-0,05110524
0,0412	-0,051168
0,04125	-0,05110526
0,0413	-0,05101074
0,04135	-0,05113652
0,0414	-0,05113652
0,04145	-0,05112052
0,0415	-0,0510425
0,04155	-0,051042
0,0416	-0,051027
0,04165	-0,0510895
0,0417	-0,05105824
0,04175	-0,05087002
0,0418	-0,05097974
0,04185	-0,05104276
0,0419	-0,0510425
0,04195	-0,051121
0,042	-0,05096398
0,04205	-0,051105
0,0421	-0,05101098
0,04215	-0,05112098
0,0422	-0,0510895
0,04225	-0,05099526
0,0423	-0,05105824
0,04235	-0,05091724
0,0424	-0,0510585
0,04245	-0,0509325
0,0425	-0,05090172
0,04255	-0,05093298
0,0426	-0,0508705
0,04265	-0,05091698
0,0427	-0,050823
0,04275	-0,0509325
0,0428	-0,05094874
0,04285	-0,05093274
0,0429	-0,05102674
0,04295	-0,0508705
0,043	-0,05096424
0,04305	-0,05091676
0,0431	-0,05087
0,04315	-0,05097998
0,0432	-0,05088576
0,04325	-0,05090126
0,0433	-0,050854
0,04335	-0,05091674
0,0434	-0,05097976
0,04345	-0,0508705
0,0435	-0,05099526
0,04355	-0,05087002
0,0436	-0,0509485
0,04365	-0,050949
0,0437	-0,05093248
0,04375	-0,05093252
0,0438	-0,05086976
0,04385	-0,050823
0,0439	-0,0507915
0,04395	-0,05079176
0,044	-0,05083852
0,04405	-0,0508545
0,0441	-0,05079126
0,04415	-0,0508075
0,0442	-0,05076026
0,04425	-0,0507135
0,0443	-0,05072902
0,04435	-0,050698
0,0444	-0,05076026
0,04445	-0,05076026
0,0445	-0,05071326
0,04455	-0,05068176
0,0446	-0,05074476
0,04465	-0,05065076
0,0447	-0,05055602
0,04475	-0,0504155
0,0448	-0,05046274
0,04485	-0,05047852
0,0449	-0,05047874
0,04495	-0,05046226
0,045	-0,0503375
0,04505	-0,05030524
0,0451	-0,05032174
0,04515	-0,0504625
0,0452	-0,05036824
0,04525	-0,0503525
0,0453	-0,0503525
0,04535	-0,05024298
0,0454	-0,0503995
0,04545	-0,05033724
0,0455	-0,05033724
0,04555	-0,0504465
0,0456	-0,050337
0,04565	-0,05046224
0,0457	-0,05038374
0,04575	-0,050431
0,0458	-0,05043074
0,04585	-0,0503215
0,0459	-0,050415
0,04595	-0,050337
0,046	-0,05035274
0,04605	-0,05035226
0,0461	-0,050196
0,04615	-0,0502745
0,0462	-0,05019574
0,04625	-0,050368
0,0463	-0,05027374
0,04635	-0,05021174
0,0464	-0,05028974
0,04645	-0,05030524
0,0465	-0,0503525
0,04655	-0,05038374
0,0466	-0,05038424
0,04665	-0,05035224
0,0467	-0,0503055
0,04675	-0,05022726
0,0468	-0,05016424
0,04685	-0,05021124
0,0469	-0,0502745
0,04695	-0,050227
0,047	-0,0502585
0,04705	-0,05014898
0,0471	-0,050164
0,04715	-0,05011698
0,0472	-0,0501015
0,04725	-0,05011748
0,0473	-0,05018024
0,04735	-0,05011724
0,0474	-0,05008574
0,04745	-0,05005524
0,0475	-0,05014874
0,04755	-0,05013274
0,0476	-0,050149
0,04765	-0,0500235
0,0477	-0,05000774
0,04775	-0,04988224
0,0478	-0,04991348
0,04785	-0,04994474
0,0479	-0,04986648
0,04795	-0,04994476
0,048	-0,04978796
0,04805	-0,04978822
0,0481	-0,0497255
0,04815	-0,04961574
0,0482	-0,0495525
0,04825	-0,04939624
0,0483	-0,04942774
0,04835	-0,04933374
0,0484	-0,049114
0,04845	-0,04902
0,0485	-0,04878498
0,04855	-0,04869074
0,0486	-0,048487
0,04865	-0,048299
0,0487	-0,04803224
0,04875	-0,047672
0,0488	-0,04724824
0,04885	-0,04691924
0,0489	-0,046543
0,04895	-0,04613526
0,049	-0,04580576
0,04905	-0,04516348
0,0491	-0,04472424
0,04915	-0,04420698
0,0492	-0,043658
0,04925	-0,04309352
0,0493	-0,04243524
0,04935	-0,04174524
0,0494	-0,04111802
0,04945	-0,0404595
0,0495	-0,039848
0,04955	-0,03918998
0,0496	-0,03854652
0,04965	-0,03793526
0,0497	-0,0373555
0,04975	-0,03677524
0,0498	-0,03600698
0,04985	-0,03545876
0,0499	-0,03490952
0,04995	-0,03429774
0,05	-0,03376474
0,05005	-0,033091
0,0501	-0,03246426
0,05015	-0,03177398
0,0502	-0,03120972
0,05025	-0,03051976
0,0503	-0,02979826
0,05035	-0,02917122
0,0504	-0,0284345
0,05045	-0,0277755
0,0505	-0,02703902
0,05055	-0,026318
0,0506	-0,02556502
0,05065	-0,02485974
0,0507	-0,02416974
0,05075	-0,0233705
0,0508	-0,0225085
0,05085	-0,021677
0,0509	-0,02081526
0,05095	-0,01988998
0,051	-0,01913724
0,05105	-0,01818098
0,0511	-0,01728724
0,05115	-0,01623698
0,0512	-0,01542148
0,05125	-0,01449626
0,0513	-0,01347748
0,05135	-0,01267774
0,0514	-0,011706
0,05145	-0,01073326
0,0515	-0,00998098
0,05155	-0,00908772
0,0516	-0,00824076
0,05165	-0,00755048
0,0517	-0,00673574
0,05175	-0,0060615
0,0518	-0,00524626
0,05185	-0,0047292
0,0519	-0,004086
0,05195	-0,00341226
0,052	-0,0028475
0,05205	-0,00217326
0,0521	-0,00168724
0,05215	-0,0011855
0,0522	-0,00047974
0,05225	5,76E-06
0,0523	0,000633
0,05235	0,00093076
0,0524	0,00133854
0,05245	0,00176202
0,0525	0,00210676
0,05255	0,00248326
0,0526	0,00285952
0,05265	0,00309476
0,0527	0,003424
0,05275	0,00383152
0,0528	0,004098
0,05285	0,004333
0,0529	0,00458376
0,05295	0,00470974
0,053	0,00497602
0,05305	0,00519548
0,0531	0,00530502
0,05315	0,00549376
0,0532	0,0056815
0,05325	0,00577522
0,0533	0,0060265
0,05335	0,00616748
0,0534	0,00633976
0,05345	0,00644976
0,0535	0,00652826
0,05355	0,00660626
0,0536	0,006779
0,05365	0,00676348
0,0537	0,00699876
0,05375	0,00717102
0,0538	0,00720202
0,05385	0,0072805
0,0539	0,0073745
0,05395	0,00745326
0,054	0,00753148
0,05405	0,00760976
0,0541	0,0077045
0,05415	0,00776676
0,0542	0,007908
0,05425	0,0077825
0,0543	0,00782926
0,05435	0,00797052
0,0544	0,00795502
0,05445	0,00800226
0,0545	0,0079235
0,05455	0,00801776
0,0546	0,00811174
0,05465	0,0081585
0,0547	0,00814302
0,05475	0,00820602
0,0548	0,00830002
0,05485	0,008206
0,0549	0,00825276
0,05495	0,008331
0,055	0,00828374
0,05505	0,00833128
0,0551	0,00839398
0,05515	0,00834702
0,0552	0,00840952
0,05525	0,00828426
0,0553	0,00839402
0,05535	0,008362
0,0554	0,0083315
0,05545	0,008378
0,0555	0,0082995
0,05555	0,00822174
0,0556	0,00820576
0,05565	0,0082375
0,0557	0,00833126
0,05575	0,00820574
0,0558	0,00829976
0,05585	0,00819
0,0559	0,008237
0,05595	0,0082995
0,056	0,00837826
0,05605	0,008331
0,0561	0,008425
0,05615	0,0083
0,0562	0,008253
0,05625	0,008222
0,0563	0,0083155
0,05635	0,00820574
0,0564	0,00812724
0,05645	0,0080955
0,0565	0,0080335
0,05655	0,0081585
0,0566	0,00812726
0,05665	0,00803326
0,0567	0,00795502
0,05675	0,00809574
0,0568	0,008096
0,05685	0,008002
0,0569	0,00796998
0,05695	0,007876
0,057	0,0078295
0,05705	0,00775076
0,0571	0,00781374
0,05715	0,0077665
0,0572	0,00756274
0,05725	0,00759398
0,0573	0,00760976
0,05735	0,00762524
0,0574	0,00757852
0,05745	0,00740596
0,0575	0,00745274
0,05755	0,00748424
0,0576	0,0072965
0,05765	0,00745302
0,0577	0,007296
0,05775	0,00729624
0,0578	0,00726474
0,05785	0,00739052
0,0579	0,007453
0,05795	0,00724926
0,058	0,00731202
0,05805	0,00718674
0,0581	0,00720224
0,05815	0,00721772
0,0582	0,00704548
0,05825	0,00717076
0,0583	0,00712376
0,05835	0,00721774
0,0584	0,00718674
0,05845	0,0071237
0,0585	0,00710828
0,05855	0,00706102
0,0586	0,00699878
0,05865	0,00695148
0,0587	0,0069515
0,05875	0,00692028
0,0588	0,00695152
0,05885	0,00688876
0,0589	0,00693574
0,05895	0,00682626
0,059	0,00666898
0,05905	0,00666924
0,0591	0,0065755
0,05915	0,00660622
0,0592	0,00645002
0,05925	0,00649674
0,0593	0,00640276
0,05935	0,00632398
0,0594	0,00640276
0,05945	0,0063085
0,0595	0,00618324
0,05955	0,00615202
0,0596	0,00618302
0,05965	0,006136
0,0597	0,00599498
0,05975	0,0060265
0,0598	0,0059795
0,05985	0,00588552
0,0599	0,0058855
0,05995	0,00576002
0,06	0,00571276
0,06005	0,00565
0,0601	0,00561876
0,06015	0,00566624
0,0602	0,00546224
0,06025	0,00557178
0,0603	0,00544622
0,06035	0,005509
0,0604	0,00541498
0,06045	0,00532076
0,0605	0,00536778
0,06055	0,0053365
0,0606	0,00527378
0,06065	0,00527398
0,0607	0,00524252
0,06075	0,00511702
0,0608	0,00505426
0,06085	0,005117
0,0609	0,00497576
0,06095	0,00491324
0,061	0,00485026
0,06105	0,004819
0,0611	0,00470954
0,06115	0,00470952
0,0612	0,00472528
0,06125	0,004584
0,0613	0,004584
0,06135	0,00452126
0,0614	0,00442726
0,06145	0,00447452
0,0615	0,00428626
0,06155	0,004349
0,0616	0,00417652
0,06165	0,00412902
0,0617	0,0040665
0,06175	0,00398826
0,0618	0,003941
0,06185	0,00386276
0,0619	0,00384726
0,06195	0,00372176
0,062	0,00375326
0,06205	0,00364376
0,0621	0,00356526
0,06215	0,0036745
0,0622	0,00353326
0,06225	0,00358102
0,0623	0,00354926
0,06235	0,00343926
0,0624	0,00340824
0,06245	0,00342426
0,0625	0,003424
0,06255	0,00334526
0,0626	0,00325102
0,06265	0,00328224
0,0627	0,003126
0,06275	0,00317302
0,0628	0,0032045
0,06285	0,00312578
0,0629	0,003157
0,06295	0,00303126
0,063	0,0031415
0,06305	0,002985
0,0631	0,00311
0,06315	0,00298476
0,0632	0,002922
0,06325	0,00293752
0,0633	0,002828
0,06335	0,00293774
0,0634	0,00282778
0,06345	0,002781
0,0635	0,00260876
0,06355	0,00254576
0,0636	0,00259276
0,06365	0,00245124
0,0637	0,00245152
0,06375	0,00232652
0,0638	0,00231078
0,06385	0,00221676
0,0639	0,00220128
0,06395	0,002201
0,064	0,00205998
0,06405	0,00215352
0,0641	0,00199728
0,06415	0,00205976
0,0642	0,0019815
0,06425	0,001856
0,0643	0,00195
0,06435	0,00177798
0,0644	0,00173048
0,06445	0,00179324
0,0645	0,001401
0,06455	0,00157376
0,0646	0,00140124
0,06465	0,001417
0,0647	0,001276
0,06475	0,00115076
0,0648	0,00127626
0,06485	0,00107202
0,0649	0,00105628
0,06495	0,00099376
0,065	0,00099376
0,06505	0,00102474
0,0651	0,00100926
0,06515	0,00089952
0,0652	0,00085278
0,06525	0,00082126
0,0653	0,0007585
0,06535	0,00061724
0,0654	0,000586
0,06545	0,00038252
0,0655	0,00038198
0,06555	0,00024126
0,0656	0,00024124
0,06565	0,00016278
0,0657	0,0001
0,06575	0,0001
0,0658	-0,00005648
0,06585	-0,00007274
0,0659	-0,00007224
0,06595	-0,000198
0,066	-0,00029176
0,06605	-0,00037026
0,0661	-0,0003235
0,06615	-0,00052698
0,0662	-0,00054274
0,06625	-0,00054274
0,0663	-0,00073124
0,06635	-0,00055824
0,0664	-0,00065224
0,06645	-0,00069924
0,0665	-0,00076252
0,06655	-0,00085676
0,0666	-0,00076276
0,06665	-0,00091928
0,0667	-0,00093524
0,06675	-0,00101324
0,0668	-0,00104476
0,06685	-0,00090324
0,0669	-0,000966
0,06695	-0,00099774
0,067	-0,00117024
0,06705	-0,0011545
0,0671	-0,00120148
0,06715	-0,00129546
0,0672	-0,0012955
0,06725	-0,0013585
0,0673	-0,00140524
0,06735	-0,00145226
0,0674	-0,0015145
0,06745	-0,00138972
0,0675	-0,00151478
0,06755	-0,001531
0,0676	-0,001499
0,06765	-0,00156224
0,0677	-0,00154626
0,06775	-0,0016875
0,0678	-0,00168724
0,06785	-0,00173448
0,0679	-0,00186
0,06795	-0,00187526
0,068	-0,00201626
0,06805	-0,0019065
0,0681	-0,00211098
0,06815	-0,00217326
0,0682	-0,00217326
0,06825	-0,00237698
0,0683	-0,00242448
0,06835	-0,00250298
0,0684	-0,00250246
0,06845	-0,00250222
0,0685	-0,00258098
0,06855	-0,00272226
0,0686	-0,002738
0,06865	-0,00273774
0,0687	-0,00284776
0,06875	-0,0028005
0,0688	-0,0029415
0,06885	-0,00297276
0,0689	-0,00297298
0,06895	-0,00305174
0,069	-0,00311424
0,06905	-0,00316124
0,0691	-0,0032395
0,06915	-0,0032085
0,0692	-0,00325524
0,06925	-0,00336498
0,0693	-0,00342772
0,06935	-0,00349022
0,0694	-0,0034905
0,06945	-0,00366276
0,0695	-0,00356872
0,06955	-0,00375698
0,0696	-0,00371
0,06965	-0,0038355
0,0697	-0,00385072
0,06975	-0,00388252
0,0698	-0,00407024
0,06985	-0,00407048
0,0699	-0,00432124
0,06995	-0,00438372
0,07	-0,00455624
0,07005	-0,0046035
0,0701	-0,00466598
0,07015	-0,00480726
0,0702	-0,00485448
0,07025	-0,0049485
0,0703	-0,004995
0,07035	-0,00504224
0,0704	-0,005121
0,07045	-0,00524628
0,0705	-0,00532474
0,07055	-0,00538724
0,0706	-0,0053875
0,07065	-0,0056065
0,0707	-0,00576398
0,07075	-0,00581024
0,0708	-0,005858
0,07085	-0,005936
0,0709	-0,00607752
0,07095	-0,00624946
0,071	-0,00623398
0,07105	-0,00634372
0,0711	-0,0064695
0,07115	-0,00659476
0,0712	-0,00670424
0,07125	-0,006924
0,0713	-0,00698648
0,07135	-0,00711198
0,0714	-0,00706498
0,07145	-0,007159
0,0715	-0,00734726
0,07155	-0,0073005
0,0716	-0,00740974
0,07165	-0,00755122
0,0717	-0,0076295
0,07175	-0,00777074
0,0718	-0,00783322
0,07185	-0,00799
0,0719	-0,00798974
0,07195	-0,00800598
0,072	-0,00809948
0,07205	-0,00811526
0,0721	-0,00824098
0,07215	-0,00820924
0,0722	-0,00844474
0,07225	-0,00856998
0,0723	-0,00861724
0,07235	-0,00871096
0,0724	-0,00883648
0,07245	-0,00888324
0,0725	-0,00888372
0,07255	-0,00902448
0,0726	-0,00915022
0,07265	-0,00938576
0,0727	-0,00941676
0,07275	-0,00957372
0,0728	-0,00962048
0,07285	-0,00972998
0,0729	-0,00983998
0,07295	-0,00993398
0,073	-0,00996524
0,07305	-0,00999674
0,0731	-0,01010574
0,07315	-0,0102
0,0732	-0,01031048
0,07325	-0,01031024
0,0733	-0,01035722
0,07335	-0,01037322
0,0734	-0,01052998
0,07345	-0,01052998
0,0735	-0,01062372
0,07355	-0,01063998
0,0736	-0,01073374
0,07365	-0,01084324
0,0737	-0,01089074
0,07375	-0,010859
0,0738	-0,01087474
0,07385	-0,01092172
0,0739	-0,01110998
0,07395	-0,01100024
0,074	-0,01118798
0,07405	-0,01131374
0,0741	-0,01137624
0,07415	-0,01136024
0,0742	-0,01139198
0,07425	-0,01159596
0,0743	-0,01154922
0,07435	-0,01168998
0,0744	-0,011784
0,07445	-0,01184722
0,0745	-0,01205072
0,07455	-0,01197198
0,0746	-0,01217648
0,07465	-0,01214448
0,0747	-0,01222324
0,07475	-0,01228626
0,0748	-0,012239
0,07485	-0,0123645
0,0749	-0,01236424
0,07495	-0,012317
0,075	-0,01238024
0,07505	-0,01250574
0,0751	-0,01266224
0,07515	-0,01266224
0,0752	-0,01270874
0,07525	-0,01278724
0,0753	-0,01286574
0,07535	-0,01299124
0,0754	-0,01299124
0,07545	-0,01313248
0,0755	-0,01311698
0,07555	-0,01324222
0,0756	-0,01322648
0,07565	-0,013289
0,0757	-0,0133675
0,07575	-0,013446
0,0758	-0,01352424
0,07585	-0,0136655
0,0759	-0,0136185
0,07595	-0,01374424
0,076	-0,01377548
0,07605	-0,01383774
0,0761	-0,0139005
0,07615	-0,0139945
0,0762	-0,014136
0,07625	-0,01413598
0,0763	-0,01426124
0,07635	-0,01438724
0,0764	-0,014418
0,07645	-0,014387
0,0765	-0,01449598
0,07655	-0,01457498
0,0766	-0,0145435
0,07665	-0,01463748
0,0767	-0,0146215
0,07675	-0,01471574
0,0768	-0,01474724
0,07685	-0,01495098
0,0769	-0,01495098
0,07695	-0,01496674
0,077	-0,01512348
0,07705	-0,01523322
0,0771	-0,01526448
0,07715	-0,015296
0,0772	-0,01542126
0,07725	-0,0155625
0,0773	-0,015672
0,07735	-0,0158135
0,0774	-0,015829
0,07745	-0,01600124
0,0775	-0,016064
0,07755	-0,01611174
0,0776	-0,01628374
0,07765	-0,01636248
0,0777	-0,01645576
0,07775	-0,01656598
0,0778	-0,01651922
0,07785	-0,0165815
0,0779	-0,01666024
0,07795	-0,01683248
0,078	-0,01694248
0,07805	-0,01680124
0,0781	-0,01703648
0,07815	-0,01700496
0,0782	-0,01714596
0,07825	-0,01717772
0,0783	-0,01722474
0,07835	-0,01736552
0,0784	-0,01728724
0,07845	-0,01738124
0,0785	-0,01739698
0,07855	-0,01753824
0,0786	-0,0175692
0,07865	-0,01755352
0,0787	-0,01764798
0,07875	-0,01764798
0,0788	-0,01771076
0,07885	-0,0177575
0,0789	-0,01789876
0,07895	-0,01796146
0,079	-0,01800826
0,07905	-0,01819652
0,0791	-0,01824352
0,07915	-0,01833772
0,0792	-0,01847874
0,07925	-0,01846326
0,0793	-0,01866702
0,07935	-0,01865126
0,0794	-0,01877674
0,07945	-0,01876124
0,0795	-0,01883898
0,07955	-0,01894874
0,0796	-0,018902
0,07965	-0,01916872
0,0797	-0,01921548
0,07975	-0,01930948
0,0798	-0,01946626
0,07985	-0,01940374
0,0799	-0,01954448
0,07995	-0,01959198
0,08	-0,01963924
0,08005	-0,01982674
0,0801	-0,01979572
0,08015	-0,019921
0,0802	-0,01999924
0,08025	-0,01998374
0,0803	-0,02020302
0,08035	-0,020188
0,0804	-0,02031274
0,08045	-0,02020348
0,0805	-0,02039148
0,08055	-0,02040698
0,0806	-0,02051702
0,08065	-0,02057948
0,0807	-0,02075226
0,08075	-0,0207675
0,0808	-0,020752
0,08085	-0,020909
0,0809	-0,021081
0,08095	-0,02111276
0,081	-0,02114374
0,08105	-0,021097
0,0811	-0,02117548
0,08115	-0,02123848
0,0812	-0,02134776
0,08125	-0,02144198
0,0813	-0,02136372
0,08135	-0,021583
0,0814	-0,02161428
0,08145	-0,02170824
0,0815	-0,02167726
0,08155	-0,02178678
0,0816	-0,02186548
0,08165	-0,02189622
0,0817	-0,0221005
0,08175	-0,02214748
0,0818	-0,02213176
0,08185	-0,02228848
0,0819	-0,02225698
0,08195	-0,0225392
0,082	-0,02249196
0,08205	-0,02258624
0,0821	-0,02264898
0,08215	-0,0226175
0,0822	-0,02268046
0,08225	-0,02271174
0,0823	-0,02282124
0,08235	-0,022853
0,0824	-0,0229785
0,08245	-0,023057
0,0825	-0,02302526
0,08255	-0,02327598
0,0826	-0,02326098
0,08265	-0,02333898
0,0827	-0,023417
0,08275	-0,02349574
0,0828	-0,02374674
0,08285	-0,023747
0,0829	-0,02390326
0,08295	-0,02385624
0,083	-0,024013
0,08305	-0,02420148
0,0831	-0,02407574
0,08315	-0,02423274
0,0832	-0,024217
0,08325	-0,02423298
0,0833	-0,02434226
0,08335	-0,0244365
0,0834	-0,024546
0,08345	-0,0245305
0,0835	-0,02456176
0,08355	-0,02460848
0,0836	-0,0247345
0,08365	-0,02486024
0,0837	-0,02490674
0,08375	-0,02487574
0,0838	-0,02495376
0,08385	-0,0250795
0,0839	-0,02509498
0,08395	-0,02507922
0,084	-0,02514198
0,08405	-0,02532998
0,0841	-0,02550224
0,08415	-0,02553398
0,0842	-0,02562802
0,08425	-0,02570626
0,0843	-0,02580024
0,08435	-0,026098
0,0844	-0,02595726
0,08445	-0,02619228
0,0845	-0,026271
0,08455	-0,02636476
0,0846	-0,02658424
0,08465	-0,02655274
0,0847	-0,02674124
0,08475	-0,02664676
0,0848	-0,02688226
0,08485	-0,02696098
0,0849	-0,02691376
0,08495	-0,02708574
0,085	-0,0271645
0,08505	-0,027196
0,0851	-0,02732124
0,08515	-0,027337
0,0852	-0,02743074
0,08525	-0,02754076
0,0853	-0,02754026
0,08535	-0,02771324
0,0854	-0,02777624
0,08545	-0,02785426
0,0855	-0,02782298
0,08555	-0,02788552
0,0856	-0,02780746
0,08565	-0,02780724
0,0857	-0,02785426
0,08575	-0,0280425
0,0858	-0,02804248
0,08585	-0,028121
0,0859	-0,02819924
0,08595	-0,02816798
0,086	-0,02830874
0,08605	-0,02835622
0,0861	-0,02849724
0,08615	-0,02871674
0,0862	-0,02868572
0,08625	-0,028842
0,0863	-0,02888898
0,08635	-0,02896726
0,0864	-0,02904572
0,08645	-0,02896772
0,0865	-0,02920274
0,08655	-0,02932798
0,0866	-0,02929672
0,08665	-0,02943774
0,0867	-0,02945348
0,08675	-0,02971996
0,0868	-0,02962598
0,08685	-0,02976676
0,0869	-0,02989222
0,08695	-0,02976702
0,087	-0,02990798
0,08705	-0,02989198
0,0871	-0,03019024
0,08715	-0,03029998
0,0872	-0,03040974
0,08725	-0,03058222
0,0873	-0,03048798
0,08735	-0,030645
0,0874	-0,030755
0,08745	-0,03075474
0,0875	-0,03094248
0,08755	-0,03097422
0,0876	-0,0310525
0,08765	-0,03108426
0,0877	-0,03114672
0,08775	-0,03128798
0,0878	-0,03131924
0,08785	-0,03142948
0,0879	-0,03153852
0,08795	-0,03166374
0,088	-0,031711
0,08805	-0,03175824
0,0881	-0,03177422
0,08815	-0,03186774
0,0882	-0,031962
0,08825	-0,03200924
0,0883	-0,03213448
0,08835	-0,03218126
0,0884	-0,03225974
0,08845	-0,0322915
0,0885	-0,0324165
0,08855	-0,03243224
0,0886	-0,03255776
0,08865	-0,03258898
0,0887	-0,032605
0,08875	-0,03265174
0,0888	-0,03282424
0,08885	-0,03294974
0,0889	-0,03323176
0,08895	-0,03318526
0,089	-0,03329476
0,08905	-0,0333105
0,0891	-0,03338872
0,08915	-0,03351398
0,0892	-0,03352998
0,08925	-0,03370274
0,0893	-0,03379624
0,08935	-0,03384326
0,0894	-0,03403176
0,08945	-0,03395324
0,0895	-0,034094
0,08955	-0,03414124
0,0896	-0,03418872
0,08965	-0,03429824
0,0897	-0,03428248
0,08975	-0,03439224
0,0898	-0,0345175
0,08985	-0,03459576
0,0899	-0,03459578
0,08995	-0,03467448
0,09	-0,03465874
0,09005	-0,03472126
0,0901	-0,03472152
0,09015	-0,03475298
0,0902	-0,0348
0,09025	-0,03495648
0,0903	-0,035051
0,09035	-0,03514474
0,0904	-0,03520722
0,09045	-0,03519174
0,0905	-0,03522274
0,09055	-0,03533324
0,0906	-0,035396
0,09065	-0,035458
0,0907	-0,03555252
0,09075	-0,03561502
0,0908	-0,03563048
0,09085	-0,03580298
0,0909	-0,03572476
0,09095	-0,03589724
0,091	-0,0358815
0,09105	-0,03603824
0,0911	-0,036101
0,09115	-0,03614826
0,0912	-0,03636774
0,09125	-0,03630452
0,0913	-0,03644602
0,09135	-0,03650848
0,0914	-0,03654002
0,09145	-0,03666548
0,0915	-0,03666526
0,09155	-0,03680674
0,0916	-0,036885
0,09165	-0,0370265
0,0917	-0,03713574
0,09175	-0,03707298
0,0918	-0,03723
0,09185	-0,037261
0,0919	-0,03740276
0,09195	-0,03746474
0,092	-0,03746526
0,09205	-0,03757476
0,0921	-0,03762202
0,09215	-0,03777848
0,0922	-0,03773176
0,09225	-0,03774726
0,0923	-0,0378415
0,09235	-0,0379515
0,0924	-0,03809248
0,09245	-0,03809248
0,0925	-0,0381235
0,09255	-0,03821776
0,0926	-0,0383275
0,09265	-0,03848448
0,0927	-0,03848422
0,09275	-0,03856276
0,0928	-0,03867224
0,09285	-0,0387665
0,0929	-0,03887602
0,09295	-0,03882898
0,093	-0,03898574
0,09305	-0,03896998
0,0931	-0,03907972
0,09315	-0,03918976
0,0932	-0,03928376
0,09325	-0,039362
0,0933	-0,03944074
0,09335	-0,03962874
0,0934	-0,03966026
0,09345	-0,0396445
0,0935	-0,03967552
0,09355	-0,03970676
0,0936	-0,03992674
0,09365	-0,03997396
0,0937	-0,03998924
0,09375	-0,0401145
0,0938	-0,0400835
0,09385	-0,04024026
0,0939	-0,04027152
0,09395	-0,04031876
0,094	-0,04039674
0,09405	-0,04033428
0,0941	-0,04050674
0,09415	-0,04063198
0,0942	-0,0407575
0,09425	-0,04071024
0,0943	-0,04077328
0,09435	-0,04099252
0,0944	-0,0409145
0,09445	-0,04097702
0,0945	-0,04096124
0,09455	-0,04088274
0,0946	-0,041087
0,09465	-0,04100824
0,0947	-0,04110276
0,09475	-0,04107076
0,0948	-0,04125898
0,09485	-0,0412905
0,0949	-0,04124376
0,09495	-0,04132198
0,095	-0,04140074
0,09505	-0,04143202
0,0951	-0,04149426
0,09515	-0,0414945
0,0952	-0,04165076
0,09525	-0,0417455
0,0953	-0,04183926
0,09535	-0,04190226
0,0954	-0,04191774
0,09545	-0,0419805
0,0955	-0,04216874
0,09555	-0,04223126
0,0956	-0,04221548
0,09565	-0,0422625
0,0957	-0,0423255
0,09575	-0,04240374
0,0958	-0,04251398
0,09585	-0,042498
0,0959	-0,0425605
0,09595	-0,04265424
0,096	-0,04273276
0,09605	-0,04276398
0,0961	-0,04277976
0,09615	-0,04279574
0,0962	-0,04292126
0,09625	-0,04298376
0,0963	-0,0430935
0,09635	-0,04309376
0,0964	-0,0430935
0,09645	-0,043188
0,0965	-0,04329726
0,09655	-0,04334426
0,0966	-0,04332876
0,09665	-0,043454
0,0967	-0,0433755
0,09675	-0,0434225
0,0968	-0,04343826
0,09685	-0,04350124
0,0969	-0,0435635
0,09695	-0,0435485
0,097	-0,043658
0,09705	-0,04364224
0,0971	-0,0436895
0,09715	-0,0437835
0,0972	-0,04389298
0,09725	-0,04390876
0,0973	-0,04383052
0,09735	-0,0439085
0,0974	-0,0440815
0,09745	-0,044034
0,0975	-0,0441755
0,09755	-0,04404976
0,0976	-0,04409702
0,09765	-0,04419126
0,0977	-0,04428502
0,09775	-0,04433224
0,0978	-0,0443005
0,09785	-0,04456724
0,0979	-0,04458278
0,09795	-0,04477126
0,098	-0,04467724
0,09805	-0,044661
0,0981	-0,04481824
0,09815	-0,0447865
0,0982	-0,0449125
0,09825	-0,0449125
0,0983	-0,04495924
0,09835	-0,04513198
0,0984	-0,04514748
0,09845	-0,04530448
0,0985	-0,04517874
0,09855	-0,04521024
0,0986	-0,04530448
0,09865	-0,04541374
0,0987	-0,04541402
0,09875	-0,04535122
0,0988	-0,04544524
0,09885	-0,04542974
0,0989	-0,04564948
0,09895	-0,04571198
0,099	-0,045759
0,09905	-0,04569674
0,0991	-0,04560224
0,09915	-0,04564926
0,0992	-0,04557098
0,09925	-0,04561774
0,0993	-0,04563352
0,09935	-0,04566448
0,0994	-0,04580576
0,09945	-0,045759
0,0995	-0,04594674
0,09955	-0,04589998
0,0996	-0,045994
0,09965	-0,04610348
0,0997	-0,04597848
0,09975	-0,04611948
0,0998	-0,04621398
0,09985	-0,0462605
0,0999	-0,04627626
0,09995	-0,04632298
0,1	-0,04647998
0,10005	-0,0464485
0,1001	-0,04648024
0,10015	-0,04649574
0,1002	-0,04651148
0,10025	-0,04643302
0,1003	-0,0464955
0,10035	-0,04673074
0,1004	-0,04666826
0,10045	-0,04666824
0,1005	-0,04674648
0,10055	-0,04676224
0,1006	-0,0468725
0,10065	-0,04693476
0,1007	-0,0470445
0,10075	-0,04702876
0,1008	-0,04712274
0,10085	-0,04727976
0,1009	-0,04721724
0,10095	-0,04737374
0,101	-0,04724876
0,10105	-0,0473265
0,1011	-0,04743624
0,10115	-0,0475455
0,1012	-0,04754648
0,10125	-0,04749922
0,1013	-0,04770298
0,10135	-0,04768726
0,1014	-0,0477815
0,10145	-0,04784424
0,1015	-0,0477185
0,10155	-0,04785976
0,1016	-0,04784428
0,10165	-0,04795402
0,1017	-0,04796976
0,10175	-0,04806376
0,1018	-0,04818898
0,10185	-0,04812626
0,1019	-0,048346
0,10195	-0,04823574
0,102	-0,048252
0,10205	-0,04837748
0,1021	-0,04831498
0,10215	-0,04845552
0,1022	-0,04851826
0,10225	-0,04853374
0,1023	-0,04848726
0,10235	-0,048597
0,1024	-0,04864376
0,10245	-0,04872228
0,1025	-0,04876922
0,10255	-0,048628
0,1026	-0,04880076
0,10265	-0,04875348
0,1027	-0,04878474
0,10275	-0,0488005
0,1028	-0,04875374
0,10285	-0,04884724
0,1029	-0,04883174
0,10295	-0,048926
0,103	-0,04900424
0,10305	-0,04889478
0,1031	-0,04900426
0,10315	-0,0489885
0,1032	-0,04914524
0,10325	-0,04908272
0,1033	-0,04901996
0,10335	-0,0491925
0,1034	-0,049114
0,10345	-0,04919226
0,1035	-0,04920798
0,10355	-0,04925524
0,1036	-0,04922374
0,10365	-0,049208
0,1037	-0,04928626
0,10375	-0,04919248
0,1038	-0,04927098
0,10385	-0,04931774
0,1039	-0,04931774
0,10395	-0,04944324
0,104	-0,04934926
0,10405	-0,04947498
0,1041	-0,0495215
0,10415	-0,04942748
0,1042	-0,04961576
0,10425	-0,04952196
0,1043	-0,04961572
0,10435	-0,0497255
0,1044	-0,04967824
0,10445	-0,049741
0,1045	-0,04977298
0,10455	-0,0499135
0,1046	-0,049804
0,10465	-0,04991376
0,1047	-0,0498825
0,10475	-0,049898
0,1048	-0,05000776
0,10485	-0,049992
0,1049	-0,05013324
0,10495	-0,050023
0,105	-0,05008626
0,10505	-0,05014874
0,1051	-0,05016448
0,10515	-0,05016448
0,1052	-0,05014876
0,10525	-0,05024248
0,1053	-0,05030574
0,10535	-0,05029
0,1054	-0,05046224
0,10545	-0,050478
0,1055	-0,05057224
0,10555	-0,05047776
0,1056	-0,05058798
0,10565	-0,05061876
0,1057	-0,05054102
0,10575	-0,05060326
0,1058	-0,05058774
0,10585	-0,05061898
0,1059	-0,05058776
0,10595	-0,05058774
0,106	-0,05079176
0,10605	-0,0506975
0,1061	-0,050823
0,10615	-0,05082302
0,1062	-0,05096426
0,10625	-0,0510585
0,1063	-0,05108926
0,10635	-0,051199
0,1064	-0,05119926
0,10645	-0,05110524
0,1065	-0,0512775
0,10655	-0,05121452
0,1066	-0,05129324
0,10665	-0,051262
0,1067	-0,05135576
0,10675	-0,05140324
0,1068	-0,05127776
0,10685	-0,05154424
0,1069	-0,05145024
0,10695	-0,05160676
0,107	-0,05157524
0,10705	-0,05157548
0,1071	-0,051513
0,10715	-0,05151274
0,1072	-0,0516695
0,10725	-0,05173226
0,1073	-0,05168526
0,10735	-0,05182626
0,1074	-0,05179528
0,10745	-0,0518575
0,1075	-0,05182652
0,10755	-0,05188876
0,1076	-0,05187326
0,10765	-0,0519205
0,1077	-0,05192074
0,10775	-0,05188898
0,1078	-0,05199874
0,10785	-0,05196724
0,1079	-0,05201424
0,10795	-0,05199898
0,108	-0,052124
0,10805	-0,0521085
0,1081	-0,05201452
0,10815	-0,052093
0,1082	-0,0520775
0,10825	-0,05201476
0,1083	-0,05210876
0,10835	-0,05199874
0,1084	-0,05204602
0,10845	-0,05206126
0,1085	-0,05214026
0,10855	-0,05207726
0,1086	-0,0521245
0,10865	-0,05221824
0,1087	-0,05218726
0,10875	-0,05235976
0,1088	-0,05220224
0,10885	-0,0522965
0,1089	-0,0524065
0,10895	-0,052344
0,109	-0,05251626
0,10905	-0,05246924
0,1091	-0,05256326
0,10915	-0,05253176
0,1092	-0,05259476
0,10925	-0,05273574
0,1093	-0,05257902
0,10935	-0,05275122
0,1094	-0,05272024
0,10945	-0,05275126
0,1095	-0,05272026
0,10955	-0,05272024
0,1096	-0,052814
0,10965	-0,05282974
0,1097	-0,0528925
0,10975	-0,05293952
0,1098	-0,05287672
0,10985	-0,05298648
0,1099	-0,05293922
0,10995	-0,05306476
0,11	-0,05304924
0,11005	-0,05304924
0,1101	-0,05312726
0,11015	-0,05314302
0,1102	-0,05323748
0,11025	-0,05320626
0,1103	-0,05304926
0,11035	-0,05319024
0,1104	-0,0532375
0,11045	-0,05331576
0,1105	-0,05322174
0,11055	-0,05326898
0,1106	-0,0532215
0,11065	-0,05336276
0,1107	-0,05342548
0,11075	-0,05342576
0,1108	-0,05344124
0,11085	-0,0535195
0,1109	-0,05367624
0,11095	-0,05364524
0,111	-0,0536765
0,11105	-0,05372374
0,1111	-0,05369174
0,11115	-0,05378626
0,1112	-0,05370776
0,11125	-0,05373924
0,1113	-0,05383302
0,11135	-0,05386448
0,1114	-0,05405248
0,11145	-0,05399
0,1115	-0,05411574
0,11155	-0,05411548
0,1116	-0,05409952
0,11165	-0,0541625
0,1117	-0,05417798
0,11175	-0,054303
0,1118	-0,05417798
0,11185	-0,05414674
0,1119	-0,05425648
0,11195	-0,0541625
0,112	-0,05431898
0,11205	-0,05425624
0,1121	-0,05431948
0,11215	-0,05430372
0,1122	-0,05430324
0,11225	-0,05433472
0,1123	-0,05431898
0,11235	-0,05436622
0,1124	-0,05436626
0,11245	-0,05435074
0,1125	-0,05453826
0,11255	-0,05447598
0,1126	-0,05442872
0,11265	-0,05446026
0,1127	-0,05442872
0,11275	-0,05444448
0,1128	-0,05438176
0,11285	-0,0543975
0,1129	-0,05431898
0,11295	-0,054366
0,113	-0,05435048
0,11305	-0,05446024
0,1131	-0,05442874
0,11315	-0,054523
0,1132	-0,05450674
0,11325	-0,05442874
0,1133	-0,05455424
0,11335	-0,05442874
0,1134	-0,0546015
0,11345	-0,05467972
0,1135	-0,05463224
0,11355	-0,05467974
0,1136	-0,054586
0,11365	-0,0547895
0,1137	-0,05475798
0,11375	-0,05477374
0,1138	-0,05485198
0,11385	-0,0548525
0,1139	-0,054931
0,11395	-0,05491524
0,114	-0,054852
0,11405	-0,05497776
0,1141	-0,05493074
0,11415	-0,05496198
0,1142	-0,05496224
0,11425	-0,055009
0,1143	-0,055009
0,11435	-0,05508748
0,1144	-0,05513452
0,11445	-0,05527574
0,1145	-0,05522902
0,11455	-0,0551815
0,1146	-0,05526002
0,11465	-0,05526002
0,1147	-0,05535424
0,11475	-0,05530726
0,1148	-0,05521274
0,11485	-0,05518148
0,1149	-0,055166
0,11495	-0,05526026
0,115	-0,05529122
0,11505	-0,055307
0,1151	-0,05511874
0,11515	-0,05530674
0,1152	-0,05532276
0,11525	-0,05535426
0,1153	-0,05544826
0,11535	-0,055448
0,1154	-0,055511
0,11545	-0,05551074
0,1155	-0,05560476
0,11555	-0,0555735
0,1156	-0,0555265
0,11565	-0,05552648
0,1157	-0,05565198
0,11575	-0,05555776
0,1158	-0,055683
0,11585	-0,05571502
0,1159	-0,0556365
0,11595	-0,055793
0,116	-0,055793
0,11605	-0,0559655
0,1161	-0,05583974
0,11615	-0,05579324
0,1162	-0,05593424
0,11625	-0,05596524
0,1163	-0,05604398
0,11635	-0,05596522
0,1164	-0,05587148
0,11645	-0,05594948
0,1165	-0,05605948
0,11655	-0,05598124
0,1166	-0,05594972
0,11665	-0,05598122
0,1167	-0,05588698
0,11675	-0,05591824
0,1168	-0,0559185
0,11685	-0,0559655
0,1169	-0,055887
0,11695	-0,05580852
0,117	-0,055887
0,11705	-0,05593402
0,1171	-0,05596548
0,11715	-0,05577748
0,1172	-0,05587126
0,11725	-0,05580876
0,1173	-0,05590274
0,11735	-0,05593424
0,1174	-0,05587174
0,11745	-0,05587176
0,1175	-0,05580874
0,11755	-0,05598122
0,1176	-0,05593402
0,11765	-0,05595002
0,1177	-0,0559655
0,11775	-0,05585576
0,1178	-0,05588728
0,11785	-0,05588676
0,1179	-0,05595
0,11795	-0,05607526
0,118	-0,055981
0,11805	-0,05604374
0,1181	-0,05601252
0,11815	-0,0561065
0,1182	-0,05623198
0,11825	-0,05615326
0,1183	-0,05621624
0,11835	-0,056279
0,1184	-0,05624724
0,11845	-0,056232
0,1185	-0,0562475
0,11855	-0,05620074
0,1186	-0,05618498
0,11865	-0,0562635
0,1187	-0,05623198
0,11875	-0,05623198
0,1188	-0,0562005
0,11885	-0,0562005
0,1189	-0,0562005
0,11895	-0,05632598
0,119	-0,05629476
0,11905	-0,056232
0,1191	-0,05632598
0,11915	-0,05624774
0,1192	-0,05643576
0,11925	-0,05629476
0,1193	-0,05620048
0,11935	-0,05635724
0,1194	-0,05620048
0,11945	-0,05638848
0,1195	-0,05629448
0,11955	-0,05637298
0,1196	-0,05631024
0,11965	-0,05626324
0,1197	-0,0564515
0,11975	-0,05637274
0,1198	-0,05632596
0,11985	-0,05660824
0,1199	-0,05656124
0,11995	-0,05659248
0,12	-0,05668674
0,12005	-0,05667098
0,1201	-0,05670198
0,12015	-0,0565455
0,1202	-0,05678048
0,12025	-0,0567335
0,1203	-0,05667074
0,12035	-0,05668674
0,1204	-0,05682776
0,12045	-0,05696902
0,1205	-0,05701602
0,12055	-0,05696924
0,1206	-0,05698474
0,12065	-0,056922
0,1207	-0,056969
0,12075	-0,05696874
0,1208	-0,056953
0,12085	-0,05700024
0,1209	-0,05698474
0,12095	-0,05695324
0,121	-0,05700024
0,12105	-0,05707874
0,1211	-0,05704698
0,12115	-0,0570625
0,1212	-0,05706274
0,12125	-0,0569055
0,1213	-0,05704724
0,12135	-0,05704724
0,1214	-0,057063
0,12145	-0,057016
0,1215	-0,05689048
0,12155	-0,056859
0,1216	-0,05689048
0,12165	-0,0567965
0,1217	-0,05667098
0,12175	-0,05668676
0,1218	-0,05674924
0,12185	-0,05671798
0,1219	-0,05676474
0,12195	-0,056671
0,122	-0,05678074
0,12205	-0,056655
0,1221	-0,0568275
0,12215	-0,0568275
0,1222	-0,05687474
0,12225	-0,056969
0,1223	-0,05693724
0,12235	-0,0568905
0,1224	-0,0568905
0,12245	-0,0568435
0,1225	-0,0570475
0,12255	-0,05689074
0,1226	-0,0570155
0,12265	-0,05703124
0,1227	-0,056969
0,12275	-0,05709398
0,1228	-0,0570475
0,12285	-0,0571105
0,1229	-0,05703174
0,12295	-0,0569535
0,123	-0,05711024
0,12305	-0,05695346
0,1231	-0,057078
0,12315	-0,05712574
0,1232	-0,05706274
0,12325	-0,05700026
0,1233	-0,05695324
0,12335	-0,0570785
0,1234	-0,05700026
0,12345	-0,05701576
0,1235	-0,05707852
0,12355	-0,05712574
0,1236	-0,05712574
0,12365	-0,05703172
0,1237	-0,05709426
0,12375	-0,0571415
0,1238	-0,0570785
0,12385	-0,05703148
0,1239	-0,05703124
0,12395	-0,05692176
0,124	-0,05709426
0,12405	-0,05698448
0,1241	-0,05695326
0,12415	-0,057063
0,1242	-0,056969
0,12425	-0,05710952
0,1243	-0,05709426
0,12435	-0,0571095
0,1244	-0,0571415
0,12445	-0,05698474
0,1245	-0,0572355
0,12455	-0,05715698
0,1246	-0,05712526
0,12465	-0,05718874
0,1247	-0,057157
0,12475	-0,05714126
0,1248	-0,0572045
0,12485	-0,057157
0,1249	-0,05722
0,12495	-0,05712574
0,125	-0,05732948
0,12505	-0,057345
0,1251	-0,05732948
0,12515	-0,0573455
0,1252	-0,05732948
0,12525	-0,05743926
0,1253	-0,05736074
0,12535	-0,05725098
0,1254	-0,05728224
0,12545	-0,05725124
0,1255	-0,05729826
0,12555	-0,05742348
0,1256	-0,05717274
0,12565	-0,0573295
0,1257	-0,05726674
0,12575	-0,057251
0,1258	-0,05731374
0,12585	-0,05714124
0,1259	-0,0573295
0,12595	-0,05726702
0,126	-0,0573135
0,12605	-0,05737626
0,1261	-0,057157
0,12615	-0,05725126
0,1262	-0,057282
0,12625	-0,057251
0,1263	-0,0572195
0,12635	-0,0570635
0,1264	-0,05710974
0,12645	-0,05701576
0,1265	-0,05701576
0,12655	-0,05704726
0,1266	-0,05690574
0,12665	-0,05707874
0,1267	-0,0570155
0,12675	-0,05701576
0,1268	-0,05707826
0,12685	-0,05704726
0,1269	-0,057063
0,12695	-0,05711
0,127	-0,05710976
0,12705	-0,0571415
0,1271	-0,0572045
0,12715	-0,057173
0,1272	-0,0571885
0,12725	-0,057204
0,1273	-0,05726674
0,12735	-0,057204
0,1274	-0,057189
0,12745	-0,05722
0,1275	-0,0571415
0,12755	-0,05733
0,1276	-0,05711024
0,12765	-0,05721974
0,1277	-0,057235
0,12775	-0,0570945
0,1278	-0,05721974
0,12785	-0,05715724
0,1279	-0,05720424
0,12795	-0,057267
0,128	-0,05721974
0,12805	-0,05743924
0,1281	-0,057361
0,12815	-0,05734476
0,1282	-0,057282
0,12825	-0,057345
0,1283	-0,05736074
0,12835	-0,05732976
0,1284	-0,0572355
0,12845	-0,05728226
0,1285	-0,05718852
0,12855	-0,0571885
0,1286	-0,05723526
0,12865	-0,05715702
0,1287	-0,05729774
0,12875	-0,05720424
0,1288	-0,05728224
0,12885	-0,057251
0,1289	-0,05725176
0,12895	-0,057314
0,129	-0,0572515
0,12905	-0,05736076
0,1291	-0,05736098
0,12915	-0,05728224
0,1292	-0,057361
0,12925	-0,05728274
0,1293	-0,05743926
0,12935	-0,05736074
0,1294	-0,05736122
0,12945	-0,05736074
0,1295	-0,057439
0,12955	-0,05743924
0,1296	-0,05748576
0,12965	-0,05751748
0,1297	-0,05756474
0,12975	-0,05743924
0,1298	-0,05756474
0,12985	-0,05750174
0,1299	-0,0574705
0,12995	-0,05750176
0,13	-0,05748626
0,13005	-0,05758024
0,1301	-0,0575485
0,13015	-0,0574395
0,1302	-0,0575645
0,13025	-0,057408
0,1303	-0,05756476
0,13035	-0,057439
0,1304	-0,0574075
0,13045	-0,057455
0,1305	-0,05743902
0,13055	-0,05742326
0,1306	-0,05743926
0,13065	-0,05734474
0,1307	-0,05745476
0,13075	-0,0574395
0,1308	-0,05740774
0,13085	-0,057408
0,1309	-0,057361
0,13095	-0,05731398
0,131	-0,05737624
0,13105	-0,05732974
0,1311	-0,05728248
0,13115	-0,05736124
0,1312	-0,05732924
0,13125	-0,05732974
0,1313	-0,0573295
0,13135	-0,05731374
0,1314	-0,057314
0,13145	-0,057298
0,1315	-0,057376
0,13155	-0,057361
0,1316	-0,05747074
0,13165	-0,05740798
0,1317	-0,05745474
0,13175	-0,05750224
0,1318	-0,05745498
0,13185	-0,057439
0,1319	-0,0573765
0,13195	-0,05748674
0,132	-0,05743926
0,13205	-0,0573925
0,1321	-0,05751748
0,13215	-0,05742376
0,1322	-0,0574395
0,13225	-0,05743876
0,1323	-0,057424
0,13235	-0,057502
0,1324	-0,05732926
0,13245	-0,05745524
0,1325	-0,05753324
0,13255	-0,0574865
0,1326	-0,057612
0,13265	-0,057502
0,1327	-0,05762748
0,13275	-0,057502
0,1328	-0,05753324
0,13285	-0,05764274
0,1329	-0,0574865
0,13295	-0,057471
0,133	-0,05734474
0,13305	-0,05742326
0,1331	-0,05748574
0,13315	-0,0574235
0,1332	-0,0574705
0,13325	-0,05745476
0,1333	-0,05743926
0,13335	-0,05758024
0,1334	-0,0574395
0,13345	-0,0575175
0,1335	-0,057565
0,13355	-0,0575645
0,1336	-0,0575175
0,13365	-0,057643
0,1337	-0,05759598
0,13375	-0,05754924
0,1338	-0,0575335
0,13385	-0,05756448
0,1339	-0,05750174
0,13395	-0,05751798
0,134	-0,05769
0,13405	-0,05764324
0,1341	-0,05778452
0,13415	-0,05768998
0,1342	-0,05762748
0,13425	-0,05773724
0,1343	-0,05772176
0,13435	-0,05761174
0,1344	-0,05764298
0,13445	-0,057643
0,1345	-0,05772126
0,13455	-0,05762748
0,1346	-0,05780002
0,13465	-0,05776876
0,1347	-0,05770552
0,13475	-0,05775274
0,1348	-0,05762776
0,13485	-0,057753
0,1349	-0,05764302
0,13495	-0,05761174
0,135	-0,05767426
0,13505	-0,0574235
0,1351	-0,05754876
0,13515	-0,0575335
0,1352	-0,05758024
0,13525	-0,05756448
0,1353	-0,05754898
0,13535	-0,05747074
0,1354	-0,05737626
0,13545	-0,05734548
0,1355	-0,05742372
0,13555	-0,05736098
0,1356	-0,057361
0,13565	-0,05726648
0,1357	-0,057298
0,13575	-0,05742374
0,1358	-0,05726674
0,13585	-0,05740798
0,1359	-0,05731324
0,13595	-0,05731424
0,136	-0,05736074
0,13605	-0,05740798
0,1361	-0,05731374
0,13615	-0,05742324
0,1362	-0,057408
0,13625	-0,05743924
0,1363	-0,05747076
0,13635	-0,057424
0,1364	-0,05750224
0,13645	-0,05734526
0,1365	-0,05751798
0,13655	-0,0574705
0,1366	-0,05745474
0,13665	-0,0574865
0,1367	-0,05747076
0,13675	-0,05753352
0,1368	-0,057455
0,13685	-0,057455
0,1369	-0,05747026
0,13695	-0,05743926
0,137	-0,05758026
0,13705	-0,05756474
0,1371	-0,05758026
0,13715	-0,05769002
0,1372	-0,05762748
0,13725	-0,05773726
0,1373	-0,05765876
0,13735	-0,05765874
0,1374	-0,05764302
0,13745	-0,05761174
0,1375	-0,0575645
0,13755	-0,05754896
0,1376	-0,05753326
0,13765	-0,05767424
0,1377	-0,0574865
0,13775	-0,0576905
0,1378	-0,05758074
0,13785	-0,05761152
0,1379	-0,05768976
0,13795	-0,05764276
0,138	-0,05770602
0,13805	-0,05764302
0,1381	-0,05759576
0,13815	-0,0575805
0,1382	-0,05753326
0,13825	-0,0576585
0,1383	-0,05769
0,13835	-0,05754898
0,1384	-0,05762748
0,13845	-0,05762724
0,1385	-0,05761198
0,13855	-0,05764326
0,1386	-0,05754874
0,13865	-0,05769
0,1387	-0,05754874
0,13875	-0,0575335
0,1388	-0,057706
0,13885	-0,05753326
0,1389	-0,05769
0,13895	-0,05758048
0,139	-0,05767472
0,13905	-0,05762724
0,1391	-0,05756474
0,13915	-0,057643
0,1392	-0,05758048
0,13925	-0,0576275
0,1393	-0,0576745
0,13935	-0,05750224
0,1394	-0,05761152
0,13945	-0,05754924
0,1395	-0,05756448
0,13955	-0,05753348
0,1396	-0,05742326
0,13965	-0,0576115
0,1397	-0,05758048
0,13975	-0,05747048
0,1398	-0,05762724
0,13985	-0,057455
0,1399	-0,05754898
0,13995	-0,05732952
0,14	-0,05742326
0,14005	-0,05745498
0,1401	-0,05729826
0,14015	-0,05737674
0,1402	-0,05736076
0,14025	-0,057345
0,1403	-0,05737674
0,14035	-0,0573295
0,1404	-0,0572045
0,14045	-0,05729776
0,1405	-0,0572825
0,14055	-0,057267
0,1406	-0,0573765
0,14065	-0,0572985
0,1407	-0,0573455
0,14075	-0,057188
0,1408	-0,05743924
0,14085	-0,05732974
0,1409	-0,0572355
0,14095	-0,05729822
0,141	-0,05709426
0,14105	-0,0572515
0,1411	-0,05721998
0,14115	-0,05723526
0,1412	-0,0572825
0,14125	-0,05712526
0,1413	-0,05737676
0,14135	-0,05726674
0,1414	-0,05712574
0,14145	-0,0572195
0,1415	-0,05717252
0,14155	-0,0573925
0,1416	-0,05739176
0,14165	-0,05742376
0,1417	-0,05740776
0,14175	-0,05718848
0,1418	-0,05732974
0,14185	-0,0571885
0,1419	-0,05722
0,14195	-0,05722024
0,142	-0,05711
0,14205	-0,05723576
0,1421	-0,05711026
0,14215	-0,05718874
0,1422	-0,057204
0,14225	-0,05723524
0,1423	-0,05725074
0,14235	-0,05718874
0,1424	-0,057235
0,14245	-0,057204
0,1425	-0,0571725
0,14255	-0,057251
0,1426	-0,057251
0,14265	-0,057345
0,1427	-0,05729824
0,14275	-0,057267
0,1428	-0,0572515
0,14285	-0,05723574
0,1429	-0,05728248
0,14295	-0,05729824
0,143	-0,05725124
0,14305	-0,0572825
0,1431	-0,0573765
0,14315	-0,057424
0,1432	-0,057298
0,14325	-0,0573765
0,1433	-0,0572985
0,14335	-0,057439
0,1434	-0,0573295
0,14345	-0,0573925
0,1435	-0,0573145
0,14355	-0,0573135
0,1436	-0,05737648
0,14365	-0,05721976
0,1437	-0,05736074
0,14375	-0,05723524
0,1438	-0,057251
0,14385	-0,05737648
0,1439	-0,05728248
0,14395	-0,05734526
0,144	-0,0572355
0,14405	-0,057188
0,1441	-0,05726674
0,14415	-0,057141
0,1442	-0,05725074
0,14425	-0,0571725
0,1443	-0,05720374
0,14435	-0,05718874
0,1444	-0,0570475
0,14445	-0,05714174
0,1445	-0,05699976
0,14455	-0,05693726
0,1446	-0,05703126
0,14465	-0,056859
0,1447	-0,05689026
0,14475	-0,05673352
0,1448	-0,0568435
0,14485	-0,0569215
0,1449	-0,05678052
0,14495	-0,05681176
0,145	-0,056828
0,14505	-0,05684326
0,1451	-0,0568435
0,14515	-0,05689026
0,1452	-0,05695276
0,14525	-0,05695276
0,1453	-0,05699976
0,14535	-0,0570475
0,1454	-0,0571415
0,14545	-0,0570475
0,1455	-0,05707874
0,14555	-0,05703124
0,1456	-0,05703174
0,14565	-0,0570625
0,1457	-0,0570005
0,14575	-0,0569845
0,1458	-0,05692198
0,14585	-0,05704726
0,1459	-0,05700026
0,14595	-0,05692174
0,146	-0,05709426
0,14605	-0,0568585
0,1461	-0,05706276
0,14615	-0,056984
0,1462	-0,05690624
0,14625	-0,05706274
0,1463	-0,05695326
0,14635	-0,057126
0,1464	-0,05701576
0,14645	-0,05700026
0,1465	-0,05700026
0,14655	-0,05692176
0,1466	-0,05703126
0,14665	-0,0569845
0,1467	-0,05698426
0,14675	-0,0570315
0,1468	-0,056812
0,14685	-0,0570155
0,1469	-0,056969
0,14695	-0,05693726
0,147	-0,056969
0,14705	-0,057063
0,1471	-0,0569375
0,14715	-0,0570635
0,1472	-0,05701576
0,14725	-0,0570315
0,1473	-0,0570315
0,14735	-0,056969
0,1474	-0,0569215
0,14745	-0,056875
0,1475	-0,05696874
0,14755	-0,057047
0,1476	-0,057063
0,14765	-0,057063
0,1477	-0,05706326
0,14775	-0,05714126
0,1478	-0,05701574
0,14785	-0,057141
0,1479	-0,05715724
0,14795	-0,05704722
0,148	-0,05723548
0,14805	-0,057157
0,1481	-0,0570155
0,14815	-0,057157
0,1482	-0,057016
0,14825	-0,0571415
0,1483	-0,05709448
0,14835	-0,05709426
0,1484	-0,05703174
0,14845	-0,05692174
0,1485	-0,0570945
0,14855	-0,0569845
0,1486	-0,0570785
0,14865	-0,0571255
0,1487	-0,0570475
0,14875	-0,05711026
0,1488	-0,0570785
0,14885	-0,05715676
0,1489	-0,05709424
0,14895	-0,057063
0,149	-0,057032
0,14905	-0,056906
0,1491	-0,0569845
0,14915	-0,05696876
0,1492	-0,05681202
0,14925	-0,0568745
0,1493	-0,05681174
0,14935	-0,0569065
0,1494	-0,056969
0,14945	-0,0568905
0,1495	-0,0568275
0,14955	-0,0568745
0,1496	-0,0569845
0,14965	-0,056922
0,1497	-0,056906
0,14975	-0,05692176
0,1498	-0,05689048
0,14985	-0,05684322
0,1499	-0,05707826
0,14995	-0,05692198
0,15	-0,0568905
0,15005	-0,056969
0,1501	-0,05676524
0,15015	-0,056906
0,1502	-0,0567025
0,15025	-0,05670226
0,1503	-0,05676474
0,15035	-0,05673376
0,1504	-0,05682748
0,15045	-0,05665524
0,1505	-0,05671798
0,15055	-0,05673374
0,1506	-0,05668624
0,15065	-0,05698424
0,1507	-0,05689024
0,15075	-0,05698448
0,1508	-0,05704748
0,15085	-0,05711026
0,1509	-0,05728276
0,15095	-0,0571255
0,151	-0,05704702
0,15105	-0,05704698
0,1511	-0,05696872
0,15115	-0,05698424
0,1512	-0,05689024
0,15125	-0,056953
0,1513	-0,05692174
0,15135	-0,05689024
0,1514	-0,05692174
0,15145	-0,05678048
0,1515	-0,056875
0,15155	-0,05696874
0,1516	-0,05695304
0,15165	-0,05689048
0,1517	-0,05690598
0,15175	-0,056906
0,1518	-0,0569845
0,15185	-0,057
0,1519	-0,0568905
0,15195	-0,0569215
0,152	-0,0567965
0,15205	-0,05693724
0,1521	-0,05692176
0,15215	-0,05693748
0,1522	-0,05689076
0,15225	-0,0568745
0,1523	-0,05695324
0,15235	-0,0570155
0,1524	-0,05692176
0,15245	-0,05690574
0,1525	-0,0567965
0,15255	-0,05698426
0,1526	-0,056859
0,15265	-0,05682774
0,1527	-0,056969
0,15275	-0,05678048
0,1528	-0,056953
0,15285	-0,056922
0,1529	-0,05685924
0,15295	-0,05681198
0,153	-0,05674924
0,15305	-0,05698474
0,1531	-0,05671776
0,15315	-0,05678074
0,1532	-0,05692174
0,15325	-0,05670224
0,1533	-0,056953
0,15335	-0,05676498
0,1534	-0,05690624
0,15345	-0,0568905
0,1535	-0,05676524
0,15355	-0,05682776
0,1536	-0,05660824
0,15365	-0,05670248
0,1537	-0,05674924
0,15375	-0,0567025
0,1538	-0,05679674
0,15385	-0,0567805
0,1539	-0,05676474
0,15395	-0,05674924
0,154	-0,05674948
0,15405	-0,05673348
0,1541	-0,05670224
0,15415	-0,05671774
0,1542	-0,05684348
0,15425	-0,05674926
0,1543	-0,05684348
0,15435	-0,056749
0,1544	-0,05668674
0,15445	-0,05689024
0,1545	-0,05673348
0,15455	-0,056671
0,1546	-0,05681224
0,15465	-0,05679598
0,1547	-0,0568585
0,15475	-0,05674898
0,1548	-0,05659248
0,15485	-0,05665474
0,1549	-0,05656098
0,15495	-0,05685874
0,155	-0,05671774
0,15505	-0,056624
0,1551	-0,05667098
0,15515	-0,05659224
0,1552	-0,056859
0,15525	-0,0566865
0,1553	-0,05662376
0,15535	-0,05676476
0,1554	-0,05651424
0,15545	-0,05674926
0,1555	-0,05671798
0,15555	-0,05665524
0,1556	-0,05665524
0,15565	-0,056561
0,1557	-0,0567335
0,15575	-0,056561
0,1558	-0,05662398
0,15585	-0,05659248
0,1559	-0,056436
0,15595	-0,0565925
0,156	-0,05645124
0,15605	-0,05654548
0,1561	-0,05660798
0,15615	-0,056514
0,1562	-0,05667124
0,15625	-0,05657648
0,1563	-0,05670224
0,15635	-0,0567495
0,1564	-0,05657674
0,15645	-0,05678074
0,1565	-0,05646698
0,15655	-0,05668624
0,1566	-0,05670198
0,15665	-0,0567335
0,1567	-0,056812
0,15675	-0,05667074
0,1568	-0,0567495
0,15685	-0,05684324
0,1569	-0,05682748
0,15695	-0,05681226
0,157	-0,05684324
0,15705	-0,05667076
0,1571	-0,05667098
0,15715	-0,05671824
0,1572	-0,05656126
0,15725	-0,0565925
0,1573	-0,0564515
0,15735	-0,05662374
0,1574	-0,0565455
0,15745	-0,056373
0,1575	-0,05640472
0,15755	-0,05634148
0,1576	-0,05624774
0,15765	-0,05638876
0,1577	-0,05632598
0,15775	-0,056185
0,1578	-0,05609074
0,15785	-0,05641972
0,1579	-0,05632602
0,15795	-0,05627924
0,158	-0,0563575
0,15805	-0,05598126
0,1581	-0,05624748
0,15815	-0,05609074
0,1582	-0,05613798
0,15825	-0,05616924
0,1583	-0,05610674
0,15835	-0,05623196
0,1584	-0,05607522
0,15845	-0,05613796
0,1585	-0,05615348
0,15855	-0,05605924
0,1586	-0,05613772
0,15865	-0,0560595
0,1587	-0,05618474
0,15875	-0,05621646
0,1588	-0,05605948
0,15885	-0,05620074
0,1589	-0,05621598
0,15895	-0,05620048
0,159	-0,05626324
0,15905	-0,05620048
0,1591	-0,05621648
0,15915	-0,05618474
0,1592	-0,05620048
0,15925	-0,0562005
0,1593	-0,05616924
0,15935	-0,05624748
0,1594	-0,05610622
0,15945	-0,05607502
0,1595	-0,05618496
0,15955	-0,05612222
0,1596	-0,05609072
0,15965	-0,05621648
0,1597	-0,05615324
0,15975	-0,0562635
0,1598	-0,05616926
0,15985	-0,05607498
0,1599	-0,05618474
0,15995	-0,056091
0,16	-0,056295
0,16005	-0,05621624
0,1601	-0,056185
0,16015	-0,05610672
0,1602	-0,05602826
0,16025	-0,05605952
0,1603	-0,05601276
0,16035	-0,05595002
0,1604	-0,05607552
0,16045	-0,05598126
0,1605	-0,05605978
0,16055	-0,05591854
0,1606	-0,05595004
0,16065	-0,05615324
0,1607	-0,05602824
0,16075	-0,05613824
0,1608	-0,05610626
0,16085	-0,05605974
0,1609	-0,0561535
0,16095	-0,05607524
0,161	-0,05610626
0,16105	-0,05601276
0,1611	-0,056044
0,16115	-0,05615374
0,1612	-0,05613798
0,16125	-0,05620048
0,1613	-0,05616902
0,16135	-0,05612198
0,1614	-0,05623198
0,16145	-0,05621626
0,1615	-0,05616898
0,16155	-0,05610648
0,1616	-0,05602848
0,16165	-0,05621624
0,1617	-0,05609074
0,16175	-0,05620048
0,1618	-0,05612252
0,16185	-0,056091
0,1619	-0,05616926
0,16195	-0,05596576
