0	-0,0602463
0,00005	-0,060225
0,0001	-0,060205
0,00015	-0,060185
0,0002	-0,0601663
0,00025	-0,0601438
0,0003	-0,0601175
0,00035	-0,0600863
0,0004	-0,0600538
0,00045	-0,060025
0,0005	-0,0600013
0,00055	-0,0599887
0,0006	-0,0599887
0,00065	-0,0599963
0,0007	-0,0600125
0,00075	-0,0600263
0,0008	-0,0600325
0,00085	-0,0600288
0,0009	-0,0600062
0,00095	-0,05997
0,001	-0,0599237
0,00105	-0,0598762
0,0011	-0,05983
0,00115	-0,0597862
0,0012	-0,0597425
0,00125	-0,0596975
0,0013	-0,0596538
0,00135	-0,0596162
0,0014	-0,0595887
0,00145	-0,0595738
0,0015	-0,0595688
0,00155	-0,0595688
0,0016	-0,0595713
0,00165	-0,0595725
0,0017	-0,0595662
0,00175	-0,0595475
0,0018	-0,059515
0,00185	-0,0594737
0,0019	-0,0594313
0,00195	-0,0593925
0,002	-0,0593637
0,00205	-0,0593475
0,0021	-0,0593425
0,00215	-0,0593425
0,0022	-0,0593525
0,00225	-0,059365
0,0023	-0,0593788
0,00235	-0,05939
0,0024	-0,0593962
0,00245	-0,0593975
0,0025	-0,0593988
0,00255	-0,0593988
0,0026	-0,0593988
0,00265	-0,0594025
0,0027	-0,0594063
0,00275	-0,05941
0,0028	-0,05941
0,00285	-0,0594063
0,0029	-0,0593912
0,00295	-0,0593675
0,003	-0,0593387
0,00305	-0,0593087
0,0031	-0,0592837
0,00315	-0,0592625
0,0032	-0,0592462
0,00325	-0,0592313
0,0033	-0,0592175
0,00335	-0,0592
0,0034	-0,0591825
0,00345	-0,0591675
0,0035	-0,0591587
0,00355	-0,0591587
0,0036	-0,0591625
0,00365	-0,0591712
0,0037	-0,0591813
0,00375	-0,0591912
0,0038	-0,0592
0,00385	-0,05921
0,0039	-0,0592212
0,00395	-0,0592313
0,004	-0,0592437
0,00405	-0,0592613
0,0041	-0,059285
0,00415	-0,05932
0,0042	-0,059365
0,00425	-0,0594175
0,0043	-0,0594737
0,00435	-0,0595275
0,0044	-0,0595725
0,00445	-0,0596038
0,0045	-0,0596238
0,00455	-0,0596313
0,0046	-0,0596313
0,00465	-0,0596225
0,0047	-0,0596075
0,00475	-0,0595937
0,0048	-0,0595825
0,00485	-0,0595763
0,0049	-0,0595775
0,00495	-0,0595862
0,005	-0,0595975
0,00505	-0,0596112
0,0051	-0,059625
0,00515	-0,059635
0,0052	-0,0596387
0,00525	-0,0596363
0,0053	-0,0596238
0,00535	-0,0595975
0,0054	-0,0595612
0,00545	-0,0595213
0,0055	-0,0594787
0,00555	-0,05944
0,0056	-0,0594
0,00565	-0,0593587
0,0057	-0,0593138
0,00575	-0,0592675
0,0058	-0,0592275
0,00585	-0,0591975
0,0059	-0,0591775
0,00595	-0,0591662
0,006	-0,0591563
0,00605	-0,059145
0,0061	-0,0591275
0,00615	-0,059105
0,0062	-0,05908
0,00625	-0,059055
0,0063	-0,0590338
0,00635	-0,0590138
0,0064	-0,058995
0,00645	-0,0589775
0,0065	-0,0589625
0,00655	-0,0589488
0,0066	-0,0589387
0,00665	-0,0589337
0,0067	-0,0589337
0,00675	-0,0589375
0,0068	-0,05894
0,00685	-0,05894
0,0069	-0,0589325
0,00695	-0,0589137
0,007	-0,0588837
0,00705	-0,0588463
0,0071	-0,0588075
0,00715	-0,0587762
0,0072	-0,058755
0,00725	-0,058745
0,0073	-0,0587437
0,00735	-0,0587525
0,0074	-0,0587662
0,00745	-0,0587825
0,0075	-0,0587962
0,00755	-0,0588075
0,0076	-0,058815
0,00765	-0,0588212
0,0077	-0,0588275
0,00775	-0,0588413
0,0078	-0,058865
0,00785	-0,0589025
0,0079	-0,0589513
0,00795	-0,0590025
0,008	-0,05905
0,00805	-0,0590888
0,0081	-0,059115
0,00815	-0,0591275
0,0082	-0,05913
0,00825	-0,0591263
0,0083	-0,0591175
0,00835	-0,0591087
0,0084	-0,059105
0,00845	-0,0591062
0,0085	-0,0591163
0,00855	-0,05914
0,0086	-0,0591813
0,00865	-0,05924
0,0087	-0,0593125
0,00875	-0,05939
0,0088	-0,0594588
0,00885	-0,0595113
0,0089	-0,0595413
0,00895	-0,0595537
0,009	-0,0595525
0,00905	-0,05954
0,0091	-0,0595213
0,00915	-0,0595025
0,0092	-0,0594875
0,00925	-0,059475
0,0093	-0,0594625
0,00935	-0,059445
0,0094	-0,0594175
0,00945	-0,05938
0,0095	-0,0593375
0,00955	-0,059295
0,0096	-0,0592613
0,00965	-0,0592363
0,0097	-0,05922
0,00975	-0,0592088
0,0098	-0,0591987
0,00985	-0,05918
0,0099	-0,0591525
0,00995	-0,0591112
0,01	-0,0590562
0,01005	-0,0589887
0,0101	-0,058915
0,01015	-0,0588425
0,0102	-0,0587813
0,01025	-0,0587375
0,0103	-0,0587075
0,01035	-0,0586887
0,0104	-0,0586738
0,01045	-0,0586562
0,0105	-0,0586375
0,01055	-0,0586163
0,0106	-0,0585975
0,01065	-0,0585787
0,0107	-0,0585625
0,01075	-0,0585475
0,0108	-0,0585338
0,01085	-0,0585212
0,0109	-0,0585075
0,01095	-0,0584925
0,011	-0,05848
0,01105	-0,0584662
0,0111	-0,0584513
0,01115	-0,0584337
0,0112	-0,0584188
0,01125	-0,05841
0,0113	-0,058405
0,01135	-0,0584025
0,0114	-0,0584025
0,01145	-0,0583987
0,0115	-0,0583925
0,01155	-0,058385
0,0116	-0,0583762
0,01165	-0,0583675
0,0117	-0,05836
0,01175	-0,0583525
0,0118	-0,0583475
0,01185	-0,0583437
0,0119	-0,0583425
0,01195	-0,0583412
0,012	-0,05834
0,01205	-0,0583375
0,0121	-0,0583338
0,01215	-0,0583288
0,0122	-0,058325
0,01225	-0,0583187
0,0123	-0,0583113
0,01235	-0,0583038
0,0124	-0,0582937
0,01245	-0,0582837
0,0125	-0,0582725
0,01255	-0,0582637
0,0126	-0,0582612
0,01265	-0,0582625
0,0127	-0,0582725
0,01275	-0,0582887
0,0128	-0,0583075
0,01285	-0,0583225
0,0129	-0,0583338
0,01295	-0,05834
0,013	-0,058345
0,01305	-0,0583537
0,0131	-0,0583712
0,01315	-0,058405
0,0132	-0,058455
0,01325	-0,05852
0,0133	-0,0585913
0,01335	-0,0586587
0,0134	-0,0587162
0,01345	-0,0587613
0,0135	-0,0587937
0,01355	-0,0588175
0,0136	-0,0588312
0,01365	-0,0588375
0,0137	-0,0588388
0,01375	-0,058835
0,0138	-0,0588287
0,01385	-0,0588262
0,0139	-0,058825
0,01395	-0,0588262
0,014	-0,0588312
0,01405	-0,0588375
0,0141	-0,0588438
0,01415	-0,0588463
0,0142	-0,058845
0,01425	-0,0588375
0,0143	-0,0588225
0,01435	-0,0588025
0,0144	-0,0587788
0,01445	-0,0587487
0,0145	-0,0587137
0,01455	-0,05867
0,0146	-0,0586175
0,01465	-0,0585563
0,0147	-0,0584912
0,01475	-0,058425
0,0148	-0,058365
0,01485	-0,058315
0,0149	-0,0582725
0,01495	-0,0582412
0,015	-0,0582175
0,01505	-0,0582
0,0151	-0,05819
0,01515	-0,0581825
0,0152	-0,0581775
0,01525	-0,058175
0,0153	-0,0581737
0,01535	-0,0581775
0,0154	-0,0581913
0,01545	-0,0582125
0,0155	-0,0582387
0,01555	-0,058265
0,0156	-0,0582862
0,01565	-0,0582962
0,0157	-0,0582988
0,01575	-0,0582975
0,0158	-0,0582912
0,01585	-0,0582788
0,0159	-0,0582625
0,01595	-0,058245
0,016	-0,0582263
0,01605	-0,05821
0,0161	-0,0582012
0,01615	-0,0581963
0,0162	-0,0581963
0,01625	-0,0581975
0,0163	-0,0582012
0,01635	-0,0582037
0,0164	-0,0582062
0,01645	-0,0582087
0,0165	-0,0582138
0,01655	-0,0582188
0,0166	-0,0582263
0,01665	-0,0582337
0,0167	-0,0582375
0,01675	-0,0582375
0,0168	-0,0582362
0,01685	-0,0582325
0,0169	-0,0582312
0,01695	-0,0582325
0,017	-0,058235
0,01705	-0,0582387
0,0171	-0,0582412
0,01715	-0,0582438
0,0172	-0,0582463
0,01725	-0,0582513
0,0173	-0,0582625
0,01735	-0,0582775
0,0174	-0,0582937
0,01745	-0,0583088
0,0175	-0,05832
0,01755	-0,0583288
0,0176	-0,0583388
0,01765	-0,0583525
0,0177	-0,0583775
0,01775	-0,0584125
0,0178	-0,0584575
0,01785	-0,05851
0,0179	-0,0585613
0,01795	-0,0586062
0,018	-0,0586413
0,01805	-0,058665
0,0181	-0,0586812
0,01815	-0,0586938
0,0182	-0,058705
0,01825	-0,0587162
0,0183	-0,058725
0,01835	-0,0587313
0,0184	-0,0587338
0,01845	-0,0587313
0,0185	-0,05872
0,01855	-0,0587
0,0186	-0,0586725
0,01865	-0,0586425
0,0187	-0,058615
0,01875	-0,0585925
0,0188	-0,0585813
0,01885	-0,0585775
0,0189	-0,0585762
0,01895	-0,0585762
0,019	-0,0585725
0,01905	-0,0585575
0,0191	-0,0585288
0,01915	-0,058485
0,0192	-0,0584312
0,01925	-0,0583737
0,0193	-0,0583187
0,01935	-0,0582713
0,0194	-0,0582312
0,01945	-0,0581988
0,0195	-0,0581688
0,01955	-0,05814
0,0196	-0,0581138
0,01965	-0,05809
0,0197	-0,0580738
0,01975	-0,058065
0,0198	-0,0580625
0,01985	-0,0580612
0,0199	-0,0580625
0,01995	-0,05806
0,02	-0,05805
0,02005	-0,0580288
0,0201	-0,057995
0,02015	-0,0579562
0,0202	-0,0579187
0,02025	-0,0578887
0,0203	-0,05787
0,02035	-0,0578588
0,0204	-0,0578525
0,02045	-0,0578437
0,0205	-0,05783
0,02055	-0,0578087
0,0206	-0,0577837
0,02065	-0,0577575
0,0207	-0,0577388
0,02075	-0,0577287
0,0208	-0,0577275
0,02085	-0,0577312
0,0209	-0,0577388
0,02095	-0,0577438
0,021	-0,0577438
0,02105	-0,0577375
0,0211	-0,057725
0,02115	-0,0577088
0,0212	-0,0576925
0,02125	-0,057675
0,0213	-0,05766
0,02135	-0,0576437
0,0214	-0,0576288
0,02145	-0,0576175
0,0215	-0,0576112
0,02155	-0,0576137
0,0216	-0,057625
0,02165	-0,0576462
0,0217	-0,0576762
0,02175	-0,0577063
0,0218	-0,0577312
0,02185	-0,0577463
0,0219	-0,0577525
0,02195	-0,0577512
0,022	-0,0577475
0,02205	-0,0577463
0,0221	-0,0577512
0,02215	-0,0577688
0,0222	-0,0578038
0,02225	-0,05785
0,0223	-0,0579038
0,02235	-0,0579575
0,0224	-0,0580025
0,02245	-0,0580337
0,0225	-0,0580525
0,02255	-0,05806
0,0226	-0,0580612
0,02265	-0,0580587
0,0227	-0,0580563
0,02275	-0,058055
0,0228	-0,0580575
0,02285	-0,0580612
0,0229	-0,0580675
0,02295	-0,0580712
0,023	-0,0580738
0,02305	-0,0580763
0,0231	-0,05808
0,02315	-0,0580862
0,0232	-0,0580975
0,02325	-0,05811
0,0233	-0,0581212
0,02335	-0,0581275
0,0234	-0,0581237
0,02345	-0,0581063
0,0235	-0,0580725
0,02355	-0,058025
0,0236	-0,0579688
0,02365	-0,0579113
0,0237	-0,0578575
0,02375	-0,057815
0,0238	-0,0577825
0,02385	-0,0577587
0,0239	-0,0577388
0,02395	-0,0577225
0,024	-0,0577063
0,02405	-0,0576925
0,0241	-0,0576813
0,02415	-0,0576725
0,0242	-0,0576662
0,02425	-0,0576625
0,0243	-0,0576613
0,02435	-0,0576613
0,0244	-0,057665
0,02445	-0,0576762
0,0245	-0,0576975
0,02455	-0,05773
0,0246	-0,0577725
0,02465	-0,0578213
0,0247	-0,05787
0,02475	-0,0579138
0,0248	-0,057945
0,02485	-0,0579613
0,0249	-0,05796
0,02495	-0,0579425
0,025	-0,0579113
0,02505	-0,0578725
0,0251	-0,0578337
0,02515	-0,0577988
0,0252	-0,0577713
0,02525	-0,0577525
0,0253	-0,0577413
0,02535	-0,0577325
0,0254	-0,0577275
0,02545	-0,0577237
0,0255	-0,0577237
0,02555	-0,0577287
0,0256	-0,0577463
0,02565	-0,0577812
0,0257	-0,0578313
0,02575	-0,0578925
0,0258	-0,0579537
0,02585	-0,0580025
0,0259	-0,0580288
0,02595	-0,058035
0,026	-0,0580275
0,02605	-0,0579988
0,0261	-0,05796
0,02615	-0,0579175
0,0262	-0,057875
0,02625	-0,0578313
0,0263	-0,0577825
0,02635	-0,0577237
0,0264	-0,0576513
0,02645	-0,05757
0,0265	-0,0574888
0,02655	-0,0574175
0,0266	-0,0573713
0,02665	-0,05735
0,0267	-0,0573537
0,02675	-0,0573837
0,0268	-0,0574338
0,02685	-0,0574888
0,0269	-0,05754
0,02695	-0,0575812
0,027	-0,05761
0,02705	-0,0576313
0,0271	-0,0576475
0,02715	-0,0576662
0,0272	-0,0576875
0,02725	-0,05771
0,0273	-0,0577287
0,02735	-0,0577413
0,0274	-0,0577487
0,02745	-0,0577512
0,0275	-0,0577487
0,02755	-0,0577375
0,0276	-0,0577225
0,02765	-0,0577063
0,0277	-0,0576912
0,02775	-0,0576813
0,0278	-0,057675
0,02785	-0,0576725
0,0279	-0,0576712
0,02795	-0,0576687
0,028	-0,0576575
0,02805	-0,0576375
0,0281	-0,0576038
0,02815	-0,0575575
0,0282	-0,0575
0,02825	-0,0574313
0,0283	-0,057355
0,02835	-0,057275
0,0284	-0,0571988
0,02845	-0,0571312
0,0285	-0,0570775
0,02855	-0,0570388
0,0286	-0,0570113
0,02865	-0,0569887
0,0287	-0,056965
0,02875	-0,056935
0,0288	-0,0569013
0,02885	-0,0568713
0,0289	-0,05685
0,02895	-0,0568413
0,029	-0,0568413
0,02905	-0,0568512
0,0291	-0,056865
0,02915	-0,05688
0,0292	-0,0568875
0,02925	-0,0568875
0,0293	-0,05688
0,02935	-0,0568613
0,0294	-0,0568338
0,02945	-0,0568
0,0295	-0,0567687
0,02955	-0,0567437
0,0296	-0,05673
0,02965	-0,0567275
0,0297	-0,0567288
0,02975	-0,056735
0,0298	-0,0567425
0,02985	-0,0567488
0,0299	-0,0567513
0,02995	-0,0567513
0,03	-0,056745
0,03005	-0,0567337
0,0301	-0,0567213
0,03015	-0,056705
0,0302	-0,0566887
0,03025	-0,0566725
0,0303	-0,056655
0,03035	-0,056635
0,0304	-0,0566088
0,03045	-0,0565788
0,0305	-0,0565425
0,03055	-0,0565075
0,0306	-0,0564725
0,03065	-0,0564412
0,0307	-0,0564137
0,03075	-0,0563925
0,0308	-0,0563812
0,03085	-0,05638
0,0309	-0,0563875
0,03095	-0,0564075
0,031	-0,0564375
0,03105	-0,05647
0,0311	-0,0565
0,03115	-0,0565263
0,0312	-0,05655
0,03125	-0,0565788
0,0313	-0,0566188
0,03135	-0,0566725
0,0314	-0,0567375
0,03145	-0,0568075
0,0315	-0,0568713
0,03155	-0,0569238
0,0316	-0,0569612
0,03165	-0,0569825
0,0317	-0,05699
0,03175	-0,0569887
0,0318	-0,0569763
0,03185	-0,0569575
0,0319	-0,05694
0,03195	-0,0569263
0,032	-0,0569188
0,03205	-0,0569163
0,0321	-0,0569188
0,03215	-0,0569312
0,0322	-0,0569563
0,03225	-0,0569875
0,0323	-0,0570175
0,03235	-0,05704
0,0324	-0,0570537
0,03245	-0,057055
0,0325	-0,0570462
0,03255	-0,057025
0,0326	-0,0569962
0,03265	-0,0569575
0,0327	-0,0569137
0,03275	-0,0568638
0,0328	-0,0568075
0,03285	-0,0567475
0,0329	-0,0566875
0,03295	-0,0566312
0,033	-0,05658
0,03305	-0,0565313
0,0331	-0,05649
0,03315	-0,0564562
0,0332	-0,0564312
0,03325	-0,0564113
0,0333	-0,0563962
0,03335	-0,0563825
0,0334	-0,0563687
0,03345	-0,0563575
0,0335	-0,0563475
0,03355	-0,05634
0,0336	-0,0563375
0,03365	-0,0563375
0,0337	-0,0563412
0,03375	-0,05635
0,0338	-0,05636
0,03385	-0,0563687
0,0339	-0,056375
0,03395	-0,056375
0,034	-0,0563675
0,03405	-0,0563513
0,0341	-0,05633
0,03415	-0,0563088
0,0342	-0,056295
0,03425	-0,0562913
0,0343	-0,0562937
0,03435	-0,0563075
0,0344	-0,05633
0,03445	-0,0563575
0,0345	-0,0563875
0,03455	-0,0564188
0,0346	-0,0564475
0,03465	-0,056475
0,0347	-0,0565
0,03475	-0,05652
0,0348	-0,056535
0,03485	-0,056545
0,0349	-0,0565512
0,03495	-0,056555
0,035	-0,0565562
0,03505	-0,056555
0,0351	-0,0565512
0,03515	-0,0565412
0,0352	-0,0565213
0,03525	-0,0564925
0,0353	-0,0564562
0,03535	-0,0564163
0,0354	-0,0563775
0,03545	-0,056345
0,0355	-0,05632
0,03555	-0,0563013
0,0356	-0,0562875
0,03565	-0,05628
0,0357	-0,0562788
0,03575	-0,056285
0,0358	-0,0563063
0,03585	-0,056345
0,0359	-0,0563975
0,03595	-0,0564562
0,036	-0,0565087
0,03605	-0,0565512
0,0361	-0,0565813
0,03615	-0,0566025
0,0362	-0,0566212
0,03625	-0,0566438
0,0363	-0,0566762
0,03635	-0,05672
0,0364	-0,0567737
0,03645	-0,05683
0,0365	-0,0568812
0,03655	-0,05692
0,0366	-0,0569463
0,03665	-0,0569625
0,0367	-0,0569712
0,03675	-0,0569788
0,0368	-0,0569862
0,03685	-0,0569937
0,0369	-0,0570013
0,03695	-0,057005
0,037	-0,0570038
0,03705	-0,0569962
0,0371	-0,0569788
0,03715	-0,0569538
0,0372	-0,0569225
0,03725	-0,0568812
0,0373	-0,05683
0,03735	-0,0567662
0,0374	-0,0566963
0,03745	-0,056625
0,0375	-0,0565625
0,03755	-0,0565112
0,0376	-0,0564713
0,03765	-0,05644
0,0377	-0,056415
0,03775	-0,0563938
0,0378	-0,0563762
0,03785	-0,0563587
0,0379	-0,05634
0,03795	-0,0563212
0,038	-0,0563038
0,03805	-0,056285
0,0381	-0,056265
0,03815	-0,056245
0,0382	-0,0562275
0,03825	-0,0562125
0,0383	-0,0561987
0,03835	-0,0561863
0,0384	-0,0561725
0,03845	-0,0561575
0,0385	-0,0561425
0,03855	-0,0561313
0,0386	-0,0561263
0,03865	-0,056125
0,0387	-0,0561275
0,03875	-0,0561275
0,0388	-0,0561225
0,03885	-0,0561075
0,0389	-0,0560887
0,03895	-0,0560713
0,039	-0,0560612
0,03905	-0,05606
0,0391	-0,0560637
0,03915	-0,0560675
0,0392	-0,0560675
0,03925	-0,05606
0,0393	-0,0560475
0,03935	-0,05603
0,0394	-0,05601
0,03945	-0,0559912
0,0395	-0,0559788
0,03955	-0,0559725
0,0396	-0,0559725
0,03965	-0,0559788
0,0397	-0,0559875
0,03975	-0,055995
0,0398	-0,0560025
0,03985	-0,0560062
0,0399	-0,0560062
0,03995	-0,0560012
0,04	-0,0559938
0,04005	-0,0559888
0,0401	-0,0559888
0,04015	-0,0559963
0,0402	-0,0560187
0,04025	-0,0560525
0,0403	-0,0560962
0,04035	-0,0561437
0,0404	-0,0561938
0,04045	-0,0562425
0,0405	-0,0562887
0,04055	-0,05633
0,0406	-0,056365
0,04065	-0,0563962
0,0407	-0,0564225
0,04075	-0,0564438
0,0408	-0,0564625
0,04085	-0,0564787
0,0409	-0,056495
0,04095	-0,05651
0,041	-0,056525
0,04105	-0,0565438
0,0411	-0,0565687
0,04115	-0,0566025
0,0412	-0,0566425
0,04125	-0,0566812
0,0413	-0,056715
0,04135	-0,0567412
0,0414	-0,0567637
0,04145	-0,056785
0,0415	-0,0568075
0,04155	-0,0568262
0,0416	-0,0568375
0,04165	-0,0568388
0,0417	-0,0568275
0,04175	-0,0567937
0,0418	-0,0567412
0,04185	-0,0566812
0,0419	-0,0566225
0,04195	-0,0565725
0,042	-0,0565325
0,04205	-0,0565013
0,0421	-0,0564738
0,04215	-0,0564475
0,0422	-0,05642
0,04225	-0,0563925
0,0423	-0,0563613
0,04235	-0,0563238
0,0424	-0,0562763
0,04245	-0,0562225
0,0425	-0,0561675
0,04255	-0,0561213
0,0426	-0,0560837
0,04265	-0,0560525
0,0427	-0,05602
0,04275	-0,0559788
0,0428	-0,0559288
0,04285	-0,055875
0,0429	-0,0558275
0,04295	-0,0557937
0,043	-0,0557737
0,04305	-0,0557662
0,0431	-0,055765
0,04315	-0,0557675
0,0432	-0,05577
0,04325	-0,0557713
0,0433	-0,0557688
0,04335	-0,0557612
0,0434	-0,0557487
0,04345	-0,0557313
0,0435	-0,0557138
0,04355	-0,0556988
0,0436	-0,055685
0,04365	-0,0556725
0,0437	-0,0556625
0,04375	-0,055655
0,0438	-0,0556488
0,04385	-0,0556462
0,0439	-0,0556425
0,04395	-0,0556362
0,044	-0,0556237
0,04405	-0,0556025
0,0441	-0,0555725
0,04415	-0,055535
0,0442	-0,0554987
0,04425	-0,0554675
0,0443	-0,0554487
0,04435	-0,0554412
0,0444	-0,0554412
0,04445	-0,055445
0,0445	-0,05545
0,04455	-0,05545
0,0446	-0,0554487
0,04465	-0,055445
0,0447	-0,05544
0,04475	-0,0554412
0,0448	-0,05545
0,04485	-0,0554775
0,0449	-0,055525
0,04495	-0,05559
0,045	-0,0556625
0,04505	-0,0557287
0,0451	-0,05578
0,04515	-0,0558125
0,0452	-0,0558288
0,04525	-0,055835
0,0453	-0,0558337
0,04535	-0,055825
0,0454	-0,0558075
0,04545	-0,0557787
0,0455	-0,055735
0,04555	-0,0556775
0,0456	-0,0556137
0,04565	-0,0555525
0,0457	-0,0555037
0,04575	-0,0554725
0,0458	-0,0554588
0,04585	-0,05546
0,0459	-0,0554762
0,04595	-0,0555
0,046	-0,0555237
0,04605	-0,0555438
0,0461	-0,0555575
0,04615	-0,055565
0,0462	-0,0555663
0,04625	-0,05556
0,0463	-0,05554
0,04635	-0,0555037
0,0464	-0,055455
0,04645	-0,0554
0,0465	-0,0553475
0,04655	-0,0553025
0,0466	-0,0552712
0,04665	-0,055255
0,0467	-0,0552488
0,04675	-0,0552512
0,0468	-0,0552613
0,04685	-0,0552725
0,0469	-0,0552787
0,04695	-0,05528
0,047	-0,0552725
0,04705	-0,0552575
0,0471	-0,055235
0,04715	-0,0552137
0,0472	-0,0551938
0,04725	-0,05518
0,0473	-0,0551725
0,04735	-0,05517
0,0474	-0,0551687
0,04745	-0,0551675
0,0475	-0,0551625
0,04755	-0,0551488
0,0476	-0,0551238
0,04765	-0,05509
0,0477	-0,0550537
0,04775	-0,05502
0,0478	-0,0549975
0,04785	-0,0549862
0,0479	-0,0549825
0,04795	-0,0549813
0,048	-0,0549813
0,04805	-0,0549775
0,0481	-0,05497
0,04815	-0,0549587
0,0482	-0,0549463
0,04825	-0,0549375
0,0483	-0,05493
0,04835	-0,0549263
0,0484	-0,0549263
0,04845	-0,0549312
0,0485	-0,05494
0,04855	-0,05495
0,0486	-0,0549612
0,04865	-0,05497
0,0487	-0,0549738
0,04875	-0,0549725
0,0488	-0,0549662
0,04885	-0,05495
0,0489	-0,0549263
0,04895	-0,0548975
0,049	-0,0548663
0,04905	-0,0548388
0,0491	-0,0548162
0,04915	-0,054805
0,0492	-0,0548
0,04925	-0,0548025
0,0493	-0,0548162
0,04935	-0,0548388
0,0494	-0,05487
0,04945	-0,0549088
0,0495	-0,05495
0,04955	-0,0549937
0,0496	-0,0550363
0,04965	-0,0550725
0,0497	-0,055105
0,04975	-0,0551325
0,0498	-0,055155
0,04985	-0,0551763
0,0499	-0,0551938
0,04995	-0,055205
0,05	-0,0552112
0,05005	-0,0552125
0,0501	-0,0552125
0,05015	-0,0552137
0,0502	-0,05522
0,05025	-0,0552387
0,0503	-0,055265
0,05035	-0,0552938
0,0504	-0,0553163
0,05045	-0,0553313
0,0505	-0,0553387
0,05055	-0,0553425
0,0506	-0,055345
0,05065	-0,0553463
0,0507	-0,055345
0,05075	-0,05533
0,0508	-0,0552975
0,05085	-0,0552425
0,0509	-0,05517
0,05095	-0,0550888
0,051	-0,0550113
0,05105	-0,0549413
0,0511	-0,054885
0,05115	-0,05484
0,0512	-0,0548062
0,05125	-0,0547813
0,0513	-0,054765
0,05135	-0,0547538
0,0514	-0,054745
0,05145	-0,0547375
0,0515	-0,05473
0,05155	-0,0547238
0,0516	-0,0547187
0,05165	-0,0547113
0,0517	-0,0547025
0,05175	-0,0546875
0,0518	-0,0546675
0,05185	-0,0546388
0,0519	-0,054605
0,05195	-0,0545712
0,052	-0,0545413
0,05205	-0,0545225
0,0521	-0,0545125
0,05215	-0,05451
0,0522	-0,05451
0,05225	-0,0545075
0,0523	-0,0544963
0,05235	-0,0544688
0,0524	-0,0544275
0,05245	-0,0543787
0,0525	-0,0543325
0,05255	-0,0542988
0,0526	-0,0542837
0,05265	-0,0542875
0,0527	-0,0543112
0,05275	-0,054345
0,0528	-0,0543787
0,05285	-0,0544038
0,0529	-0,0544175
0,05295	-0,0544188
0,053	-0,0544163
0,05305	-0,054415
0,0531	-0,05442
0,05315	-0,0544425
0,0532	-0,0544825
0,05325	-0,0545313
0,0533	-0,0545838
0,05335	-0,0546275
0,0534	-0,05466
0,05345	-0,05468
0,0535	-0,05469
0,05355	-0,054695
0,0536	-0,0546988
0,05365	-0,0547037
0,0537	-0,05471
0,05375	-0,0547225
0,0538	-0,0547375
0,05385	-0,0547563
0,0539	-0,05478
0,05395	-0,0548088
0,054	-0,0548425
0,05405	-0,05488
0,0541	-0,054915
0,05415	-0,05494
0,0542	-0,0549513
0,05425	-0,05495
0,0543	-0,054935
0,05435	-0,0549138
0,0544	-0,0548913
0,05445	-0,054875
0,0545	-0,0548663
0,05455	-0,0548688
0,0546	-0,0548837
0,05465	-0,0549125
0,0547	-0,0549513
0,05475	-0,055
0,0548	-0,0550575
0,05485	-0,0551262
0,0549	-0,055205
0,05495	-0,0552875
0,055	-0,0553662
0,05505	-0,0554325
0,0551	-0,055475
0,05515	-0,0554925
0,0552	-0,0554875
0,05525	-0,05545
0,0553	-0,0553863
0,05535	-0,055305
0,0554	-0,055215
0,05545	-0,0551225
0,0555	-0,0550312
0,05555	-0,0549437
0,0556	-0,0548625
0,05565	-0,054785
0,0557	-0,0547137
0,05575	-0,0546487
0,0558	-0,05459
0,05585	-0,0545425
0,0559	-0,0545075
0,05595	-0,054485
0,056	-0,054475
0,05605	-0,0544725
0,0561	-0,0544762
0,05615	-0,0544837
0,0562	-0,0544925
0,05625	-0,0544988
0,0563	-0,0545038
0,05635	-0,0545038
0,0564	-0,0545038
0,05645	-0,054505
0,0565	-0,0545087
0,05655	-0,05452
0,0566	-0,0545375
0,05665	-0,0545588
0,0567	-0,05458
0,05675	-0,0545937
0,0568	-0,0545987
0,05685	-0,0545975
0,0569	-0,0545875
0,05695	-0,0545712
0,057	-0,0545537
0,05705	-0,0545337
0,0571	-0,0545125
0,05715	-0,0544937
0,0572	-0,0544762
0,05725	-0,0544662
0,0573	-0,05446
0,05735	-0,054455
0,0574	-0,0544463
0,05745	-0,0544313
0,0575	-0,0544075
0,05755	-0,0543813
0,0576	-0,054355
0,05765	-0,0543375
0,0577	-0,0543313
0,05775	-0,0543338
0,0578	-0,0543512
0,05785	-0,0543787
0,0579	-0,0544075
0,05795	-0,0544313
0,058	-0,0544438
0,05805	-0,0544438
0,0581	-0,05443
0,05815	-0,054405
0,0582	-0,0543687
0,05825	-0,0543263
0,0583	-0,0542837
0,05835	-0,0542425
0,0584	-0,0542037
0,05845	-0,0541687
0,0585	-0,0541363
0,05855	-0,0541013
0,0586	-0,0540562
0,05865	-0,053995
0,0587	-0,0539125
0,05875	-0,0538062
0,0588	-0,053675
0,05885	-0,05351
0,0589	-0,05331
0,05895	-0,0530737
0,059	-0,0528037
0,05905	-0,0525025
0,0591	-0,05217
0,05915	-0,0518037
0,0592	-0,0514
0,05925	-0,0509537
0,0593	-0,0504575
0,05935	-0,0499087
0,0594	-0,0493
0,05945	-0,0486263
0,0595	-0,0478887
0,05955	-0,0470912
0,0596	-0,0462412
0,05965	-0,04534
0,0597	-0,0443913
0,05975	-0,0433962
0,0598	-0,0423575
0,05985	-0,041275
0,0599	-0,0401425
0,05995	-0,03896
0,06	-0,0377325
0,06005	-0,03647
0,0601	-0,03519
0,06015	-0,0339088
0,0602	-0,0326363
0,06025	-0,031375
0,0603	-0,0301262
0,06035	-0,02889
0,0604	-0,0276675
0,06045	-0,026465
0,0605	-0,0252887
0,06055	-0,02414
0,0606	-0,0230225
0,06065	-0,0219337
0,0607	-0,0208788
0,06075	-0,019855
0,0608	-0,0188663
0,06085	-0,0179088
0,0609	-0,0169825
0,06095	-0,0160888
0,061	-0,015225
0,06105	-0,0143862
0,0611	-0,0135675
0,06115	-0,012765
0,0612	-0,0119825
0,06125	-0,011225
0,0613	-0,0105
0,06135	-0,0098063
0,0614	-0,0091463
0,06145	-0,008515
0,0615	-0,0079075
0,06155	-0,0073175
0,0616	-0,0067388
0,06165	-0,0061637
0,0617	-0,0055925
0,06175	-0,00503
0,0618	-0,0044775
0,06185	-0,0039438
0,0619	-0,00343
0,06195	-0,0029375
0,062	-0,00247
0,06205	-0,002025
0,0621	-0,0016
0,06215	-0,0011912
0,0622	-0,0007962
0,06225	-0,0004162
0,0623	-0,0000538
0,06235	0,000295
0,0624	0,000635
0,06245	0,0009688
0,0625	0,0012975
0,06255	0,00162
0,0626	0,0019325
0,06265	0,002235
0,0627	0,00253
0,06275	0,0028138
0,0628	0,0030863
0,06285	0,0033437
0,0629	0,0035788
0,06295	0,003795
0,063	0,0039888
0,06305	0,004165
0,0631	0,0043263
0,06315	0,0044813
0,0632	0,0046338
0,06325	0,0047862
0,0633	0,0049387
0,06335	0,0050912
0,0634	0,0052462
0,06345	0,0054062
0,0635	0,00557
0,06355	0,0057325
0,0636	0,0058888
0,06365	0,0060388
0,0637	0,00618
0,06375	0,0063125
0,0638	0,0064363
0,06385	0,0065575
0,0639	0,0066775
0,06395	0,0068038
0,064	0,0069337
0,06405	0,007065
0,0641	0,0071938
0,06415	0,0073138
0,0642	0,0074263
0,06425	0,0075338
0,0643	0,0076425
0,06435	0,0077613
0,0644	0,0078975
0,06445	0,0080488
0,0645	0,00821
0,06455	0,0083712
0,0646	0,0085238
0,06465	0,00866
0,0647	0,0087813
0,06475	0,00889
0,0648	0,0089912
0,06485	0,00909
0,0649	0,0091875
0,06495	0,0092813
0,065	0,00937
0,06505	0,0094475
0,0651	0,0095138
0,06515	0,0095663
0,0652	0,0096075
0,06525	0,00964
0,0653	0,0096675
0,06535	0,009695
0,0654	0,00973
0,06545	0,0097737
0,0655	0,0098238
0,06555	0,0098738
0,0656	0,0099212
0,06565	0,0099588
0,0657	0,0099888
0,06575	0,0100112
0,0658	0,01003
0,06585	0,01005
0,0659	0,0100713
0,06595	0,0100925
0,066	0,0101112
0,06605	0,010125
0,0661	0,010135
0,06615	0,01014
0,0662	0,0101412
0,06625	0,0101412
0,0663	0,01014
0,06635	0,0101425
0,0664	0,0101512
0,06645	0,0101687
0,0665	0,0101938
0,06655	0,0102213
0,0666	0,010245
0,06665	0,0102587
0,0667	0,010265
0,06675	0,0102663
0,0668	0,0102675
0,06685	0,0102675
0,0669	0,01027
0,06695	0,0102713
0,067	0,01027
0,06705	0,0102637
0,0671	0,0102525
0,06715	0,0102362
0,0672	0,01022
0,06725	0,0102
0,0673	0,0101762
0,06735	0,0101462
0,0674	0,0101075
0,06745	0,0100625
0,0675	0,0100125
0,06755	0,0099588
0,0676	0,0098987
0,06765	0,0098288
0,0677	0,00975
0,06775	0,009665
0,0678	0,0095787
0,06785	0,0094975
0,0679	0,0094213
0,06795	0,0093525
0,068	0,0092937
0,06805	0,009245
0,0681	0,0092013
0,06815	0,00916
0,0682	0,00912
0,06825	0,0090825
0,0683	0,0090512
0,06835	0,0090288
0,0684	0,0090125
0,06845	0,009
0,0685	0,0089875
0,06855	0,0089738
0,0686	0,0089587
0,06865	0,0089438
0,0687	0,0089312
0,06875	0,00892
0,0688	0,008915
0,06885	0,008915
0,0689	0,0089175
0,06895	0,0089275
0,069	0,00894
0,06905	0,0089488
0,0691	0,0089525
0,06915	0,0089513
0,0692	0,0089438
0,06925	0,0089312
0,0693	0,0089188
0,06935	0,0089075
0,0694	0,0088938
0,06945	0,0088762
0,0695	0,0088475
0,06955	0,0088125
0,0696	0,0087725
0,06965	0,008735
0,0697	0,0087025
0,06975	0,008675
0,0698	0,00865
0,06985	0,0086225
0,0699	0,0085887
0,06995	0,0085463
0,07	0,0084963
0,07005	0,00844
0,0701	0,00838
0,07015	0,0083187
0,0702	0,0082587
0,07025	0,008195
0,0703	0,00813
0,07035	0,008065
0,0704	0,0080037
0,07045	0,0079487
0,0705	0,0079
0,07055	0,007855
0,0706	0,0078087
0,07065	0,007755
0,0707	0,007695
0,07075	0,00763
0,0708	0,0075613
0,07085	0,0074912
0,0709	0,0074238
0,07095	0,007355
0,071	0,007285
0,07105	0,0072137
0,0711	0,007145
0,07115	0,0070838
0,0712	0,007035
0,07125	0,006995
0,0713	0,0069587
0,07135	0,0069188
0,0714	0,00687
0,07145	0,0068113
0,0715	0,006745
0,07155	0,00668
0,0716	0,0066225
0,07165	0,0065775
0,0717	0,006545
0,07175	0,0065213
0,0718	0,0065012
0,07185	0,0064775
0,0719	0,0064475
0,07195	0,0064063
0,072	0,0063525
0,07205	0,006285
0,0721	0,0062012
0,07215	0,0061
0,0722	0,00599
0,07225	0,0058775
0,0723	0,005775
0,07235	0,00569
0,0724	0,005625
0,07245	0,005575
0,0725	0,0055312
0,07255	0,005485
0,0726	0,0054337
0,07265	0,0053775
0,0727	0,0053212
0,07275	0,0052713
0,0728	0,0052288
0,07285	0,0051925
0,0729	0,0051575
0,07295	0,0051175
0,073	0,0050725
0,07305	0,0050225
0,0731	0,0049725
0,07315	0,0049188
0,0732	0,004865
0,07325	0,0048075
0,0733	0,00475
0,07335	0,004695
0,0734	0,0046475
0,07345	0,0046137
0,0735	0,0045938
0,07355	0,004585
0,0736	0,00458
0,07365	0,004575
0,0737	0,0045675
0,07375	0,0045525
0,0738	0,0045338
0,07385	0,00451
0,0739	0,0044838
0,07395	0,0044513
0,074	0,004415
0,07405	0,004375
0,0741	0,0043325
0,07415	0,004285
0,0742	0,004235
0,07425	0,0041775
0,0743	0,0041138
0,07435	0,00404
0,0744	0,003955
0,07445	0,00386
0,0745	0,0037562
0,07455	0,0036525
0,0746	0,0035513
0,07465	0,003455
0,0747	0,0033625
0,07475	0,0032713
0,0748	0,0031787
0,07485	0,0030838
0,0749	0,0029812
0,07495	0,0028725
0,075	0,0027638
0,07505	0,0026625
0,0751	0,0025738
0,07515	0,0025
0,0752	0,002435
0,07525	0,0023737
0,0753	0,0023075
0,07535	0,0022363
0,0754	0,0021587
0,07545	0,0020825
0,0755	0,0020075
0,07555	0,001935
0,0756	0,001865
0,07565	0,0017975
0,0757	0,00173
0,07575	0,0016625
0,0758	0,00159
0,07585	0,0015063
0,0759	0,0014162
0,07595	0,0013287
0,076	0,0012575
0,07605	0,0012075
0,0761	0,00118
0,07615	0,0011688
0,0762	0,0011638
0,07625	0,00116
0,0763	0,0011475
0,07635	0,0011263
0,0764	0,001095
0,07645	0,0010538
0,0765	0,0010012
0,07655	0,0009288
0,0766	0,0008275
0,07665	0,0007013
0,0767	0,0005575
0,07675	0,0004075
0,0768	0,0002638
0,07685	0,0001312
0,0769	0,0000162
0,07695	-0,0000838
0,077	-0,0001688
0,07705	-0,000245
0,0771	-0,0003225
0,07715	-0,0004063
0,0772	-0,0004975
0,07725	-0,000595
0,0773	-0,0006988
0,07735	-0,000805
0,0774	-0,00091
0,07745	-0,00101
0,0775	-0,0010975
0,07755	-0,00117
0,0776	-0,0012287
0,07765	-0,0012825
0,0777	-0,0013388
0,07775	-0,0014025
0,0778	-0,0014712
0,07785	-0,00154
0,0779	-0,0016013
0,07795	-0,0016512
0,078	-0,0016875
0,07805	-0,0017112
0,0781	-0,0017262
0,07815	-0,0017387
0,0782	-0,0017575
0,07825	-0,00179
0,0783	-0,0018375
0,07835	-0,0018975
0,0784	-0,0019612
0,07845	-0,0020212
0,0785	-0,0020762
0,07855	-0,0021263
0,0786	-0,0021787
0,07865	-0,0022413
0,0787	-0,002315
0,07875	-0,0024012
0,0788	-0,0024938
0,07885	-0,00259
0,0789	-0,0026837
0,07895	-0,0027712
0,079	-0,0028525
0,07905	-0,0029288
0,0791	-0,003005
0,07915	-0,0030838
0,0792	-0,0031663
0,07925	-0,0032513
0,0793	-0,003335
0,07935	-0,0034113
0,0794	-0,0034775
0,07945	-0,003535
0,0795	-0,0035875
0,07955	-0,00364
0,0796	-0,0037
0,07965	-0,0037712
0,0797	-0,0038562
0,07975	-0,0039512
0,0798	-0,0040537
0,07985	-0,004155
0,0799	-0,00425
0,07995	-0,004335
0,08	-0,00441
0,08005	-0,0044762
0,0801	-0,00454
0,08015	-0,0046025
0,0802	-0,0046675
0,08025	-0,0047387
0,0803	-0,0048112
0,08035	-0,004885
0,0804	-0,004955
0,08045	-0,0050163
0,0805	-0,00507
0,08055	-0,0051212
0,0806	-0,005175
0,08065	-0,005235
0,0807	-0,0053025
0,08075	-0,0053762
0,0808	-0,005455
0,08085	-0,0055375
0,0809	-0,0056213
0,08095	-0,0057037
0,081	-0,005785
0,08105	-0,0058712
0,0811	-0,00597
0,08115	-0,00609
0,0812	-0,0062288
0,08125	-0,0063825
0,0813	-0,0065388
0,08135	-0,00669
0,0814	-0,0068287
0,08145	-0,0069525
0,0815	-0,0070588
0,08155	-0,00715
0,0816	-0,0072313
0,08165	-0,0073038
0,0817	-0,0073725
0,08175	-0,00744
0,0818	-0,0075075
0,08185	-0,0075775
0,0819	-0,0076525
0,08195	-0,0077312
0,082	-0,0078125
0,08205	-0,0078938
0,0821	-0,0079788
0,08215	-0,008065
0,0822	-0,0081537
0,08225	-0,0082425
0,0823	-0,0083275
0,08235	-0,008405
0,0824	-0,00847
0,08245	-0,0085225
0,0825	-0,0085588
0,08255	-0,0085812
0,0826	-0,0085975
0,08265	-0,00861
0,0827	-0,0086263
0,08275	-0,00865
0,0828	-0,0086838
0,08285	-0,0087312
0,0829	-0,0087925
0,08295	-0,0088663
0,083	-0,0089525
0,08305	-0,0090475
0,0831	-0,0091513
0,08315	-0,0092575
0,0832	-0,0093662
0,08325	-0,0094713
0,0833	-0,0095738
0,08335	-0,009675
0,0834	-0,0097737
0,08345	-0,009875
0,0835	-0,0099763
0,08355	-0,0100787
0,0836	-0,0101813
0,08365	-0,0102812
0,0837	-0,01038
0,08375	-0,0104775
0,0838	-0,0105787
0,08385	-0,0106925
0,0839	-0,0108187
0,08395	-0,0109563
0,084	-0,0111012
0,08405	-0,0112513
0,0841	-0,0114013
0,08415	-0,0115538
0,0842	-0,0117088
0,08425	-0,011865
0,0843	-0,0120213
0,08435	-0,01217
0,0844	-0,0123137
0,08445	-0,0124525
0,0845	-0,0125875
0,08455	-0,0127225
0,0846	-0,0128575
0,08465	-0,0129938
0,0847	-0,0131325
0,08475	-0,013275
0,0848	-0,0134262
0,08485	-0,0135863
0,0849	-0,0137512
0,08495	-0,0139187
0,085	-0,0140875
0,08505	-0,01425
0,0851	-0,0143987
0,08515	-0,0145225
0,0852	-0,0146125
0,08525	-0,0146675
0,0853	-0,0146925
0,08535	-0,0146962
0,0854	-0,0146863
0,08545	-0,01467
0,0855	-0,014655
0,08555	-0,014645
0,0856	-0,0146387
0,08565	-0,01464
0,0857	-0,01465
0,08575	-0,01467
0,0858	-0,014705
0,08585	-0,0147537
0,0859	-0,0148125
0,08595	-0,0148775
0,086	-0,0149425
0,08605	-0,0150038
0,0861	-0,0150612
0,08615	-0,0151163
0,0862	-0,0151687
0,08625	-0,0152237
0,0863	-0,01528
0,08635	-0,01534
0,0864	-0,0154075
0,08645	-0,01548
0,0865	-0,0155575
0,08655	-0,0156363
0,0866	-0,0157125
0,08665	-0,0157887
0,0867	-0,0158625
0,08675	-0,0159387
0,0868	-0,0160137
0,08685	-0,0160863
0,0869	-0,0161525
0,08695	-0,0162112
0,087	-0,0162612
0,08705	-0,0163063
0,0871	-0,0163462
0,08715	-0,016385
0,0872	-0,0164213
0,08725	-0,016455
0,0873	-0,01649
0,08735	-0,0165312
0,0874	-0,0165838
0,08745	-0,0166463
0,0875	-0,0167137
0,08755	-0,0167825
0,0876	-0,0168475
0,08765	-0,0169087
0,0877	-0,0169687
0,08775	-0,0170287
0,0878	-0,0170975
0,08785	-0,0171762
0,0879	-0,0172637
0,08795	-0,0173588
0,088	-0,017455
0,08805	-0,0175538
0,0881	-0,0176538
0,08815	-0,01775
0,0882	-0,0178425
0,08825	-0,0179262
0,0883	-0,0180038
0,08835	-0,0180763
0,0884	-0,0181475
0,08845	-0,0182212
0,0885	-0,0182975
0,08855	-0,0183812
0,0886	-0,0184787
0,08865	-0,0185875
0,0887	-0,0187037
0,08875	-0,0188238
0,0888	-0,0189388
0,08885	-0,01905
0,0889	-0,0191537
0,08895	-0,0192512
0,089	-0,019345
0,08905	-0,01944
0,0891	-0,01954
0,08915	-0,0196475
0,0892	-0,0197625
0,08925	-0,01988
0,0893	-0,0199963
0,08935	-0,0201088
0,0894	-0,0202162
0,08945	-0,02032
0,0895	-0,0204225
0,08955	-0,020525
0,0896	-0,0206312
0,08965	-0,0207462
0,0897	-0,02087
0,08975	-0,0209975
0,0898	-0,0211275
0,08985	-0,021255
0,0899	-0,02138
0,08995	-0,0215038
0,09	-0,021625
0,09005	-0,021745
0,0901	-0,0218675
0,09015	-0,0219975
0,0902	-0,0221412
0,09025	-0,0223038
0,0903	-0,022485
0,09035	-0,022675
0,0904	-0,0228688
0,09045	-0,0230563
0,0905	-0,0232337
0,09055	-0,0233987
0,0906	-0,0235525
0,09065	-0,0237013
0,0907	-0,0238512
0,09075	-0,024005
0,0908	-0,0241637
0,09085	-0,0243225
0,0909	-0,0244788
0,09095	-0,0246325
0,091	-0,0247863
0,09105	-0,0249475
0,0911	-0,0251175
0,09115	-0,0252963
0,0912	-0,0254788
0,09125	-0,0256587
0,0913	-0,0258288
0,09135	-0,025985
0,0914	-0,0261312
0,09145	-0,0262713
0,0915	-0,0264137
0,09155	-0,0265575
0,0916	-0,0267025
0,09165	-0,0268412
0,0917	-0,026965
0,09175	-0,0270713
0,0918	-0,0271612
0,09185	-0,0272375
0,0919	-0,0273025
0,09195	-0,027365
0,092	-0,0274263
0,09205	-0,027495
0,0921	-0,027575
0,09215	-0,0276712
0,0922	-0,0277825
0,09225	-0,0278987
0,0923	-0,028015
0,09235	-0,0281188
0,0924	-0,02821
0,09245	-0,0282887
0,0925	-0,0283612
0,09255	-0,0284337
0,0926	-0,02851
0,09265	-0,02859
0,0927	-0,0286688
0,09275	-0,0287437
0,0928	-0,0288088
0,09285	-0,028865
0,0929	-0,0289125
0,09295	-0,0289525
0,093	-0,0289925
0,09305	-0,0290375
0,0931	-0,0290937
0,09315	-0,0291625
0,0932	-0,0292425
0,09325	-0,0293262
0,0933	-0,0294062
0,09335	-0,0294825
0,0934	-0,0295538
0,09345	-0,0296263
0,0935	-0,0297012
0,09355	-0,0297788
0,0936	-0,0298575
0,09365	-0,0299338
0,0937	-0,0300063
0,09375	-0,0300738
0,0938	-0,030135
0,09385	-0,03019
0,0939	-0,0302413
0,09395	-0,0302875
0,094	-0,0303288
0,09405	-0,0303675
0,0941	-0,0304062
0,09415	-0,0304525
0,0942	-0,0305087
0,09425	-0,0305775
0,0943	-0,0306525
0,09435	-0,0307325
0,0944	-0,0308113
0,09445	-0,0308887
0,0945	-0,03097
0,09455	-0,0310562
0,0946	-0,0311537
0,09465	-0,0312625
0,0947	-0,0313812
0,09475	-0,03151
0,0948	-0,0316488
0,09485	-0,0318
0,0949	-0,0319613
0,09495	-0,0321262
0,095	-0,0322925
0,09505	-0,03245
0,0951	-0,0325962
0,09515	-0,0327238
0,0952	-0,0328275
0,09525	-0,0329075
0,0953	-0,0329687
0,09535	-0,0330187
0,0954	-0,0330688
0,09545	-0,03313
0,0955	-0,0332075
0,09555	-0,033305
0,0956	-0,0334225
0,09565	-0,0335537
0,0957	-0,0336962
0,09575	-0,0338425
0,0958	-0,0339875
0,09585	-0,0341287
0,0959	-0,0342675
0,09595	-0,0344025
0,096	-0,0345288
0,09605	-0,0346438
0,0961	-0,03474
0,09615	-0,03482
0,0962	-0,0348888
0,09625	-0,0349513
0,0963	-0,0350088
0,09635	-0,03506
0,0964	-0,0351
0,09645	-0,0351213
0,0965	-0,03513
0,09655	-0,0351312
0,0966	-0,0351325
0,09665	-0,0351362
0,0967	-0,0351525
0,09675	-0,0351875
0,0968	-0,0352425
0,09685	-0,0353175
0,0969	-0,0354088
0,09695	-0,0355175
0,097	-0,0356375
0,09705	-0,0357613
0,0971	-0,0358825
0,09715	-0,0359925
0,0972	-0,036095
0,09725	-0,03619
0,0973	-0,0362838
0,09735	-0,0363775
0,0974	-0,0364725
0,09745	-0,0365687
0,0975	-0,0366687
0,09755	-0,0367687
0,0976	-0,0368675
0,09765	-0,0369613
0,0977	-0,0370512
0,09775	-0,037135
0,0978	-0,0372187
0,09785	-0,0373062
0,0979	-0,0374025
0,09795	-0,03751
0,098	-0,0376237
0,09805	-0,037735
0,0981	-0,0378338
0,09815	-0,0379163
0,0982	-0,03798
0,09825	-0,0380313
0,0983	-0,03808
0,09835	-0,0381313
0,0984	-0,0381887
0,09845	-0,0382538
0,0985	-0,0383237
0,09855	-0,0383975
0,0986	-0,0384763
0,09865	-0,03856
0,0987	-0,038645
0,09875	-0,0387288
0,0988	-0,0388113
0,09885	-0,0388925
0,0989	-0,0389787
0,09895	-0,0390713
0,099	-0,0391662
0,09905	-0,0392587
0,0991	-0,039345
0,09915	-0,0394287
0,0992	-0,0395112
0,09925	-0,0396025
0,0993	-0,0397062
0,09935	-0,0398275
0,0994	-0,0399688
0,09945	-0,0401237
0,0995	-0,0402863
0,09955	-0,0404475
0,0996	-0,0405988
0,09965	-0,0407388
0,0997	-0,0408712
0,09975	-0,0409962
0,0998	-0,0411137
0,09985	-0,0412225
0,0999	-0,0413212
0,09995	-0,0414125
0,1	-0,0414925
0,10005	-0,0415637
0,1001	-0,0416263
0,10015	-0,0416825
0,1002	-0,0417413
0,10025	-0,0418063
0,1003	-0,0418825
0,10035	-0,0419687
0,1004	-0,04206
0,10045	-0,04215
0,1005	-0,0422325
0,10055	-0,0423025
0,1006	-0,042355
0,10065	-0,0423938
0,1007	-0,04242
0,10075	-0,0424412
0,1008	-0,0424625
0,10085	-0,04249
0,1009	-0,0425263
0,10095	-0,04257
0,101	-0,0426162
0,10105	-0,04266
0,1011	-0,0426987
0,10115	-0,0427362
0,1012	-0,0427737
0,10125	-0,0428187
0,1013	-0,0428737
0,10135	-0,0429425
0,1014	-0,043025
0,10145	-0,0431188
0,1015	-0,04322
0,10155	-0,0433275
0,1016	-0,0434337
0,10165	-0,043535
0,1017	-0,0436288
0,10175	-0,0437137
0,1018	-0,0437912
0,10185	-0,0438638
0,1019	-0,0439287
0,10195	-0,0439862
0,102	-0,0440375
0,10205	-0,0440862
0,1021	-0,0441362
0,10215	-0,04419
0,1022	-0,04425
0,10225	-0,0443138
0,1023	-0,04438
0,10235	-0,0444475
0,1024	-0,044515
0,10245	-0,04458
0,1025	-0,0446425
0,10255	-0,0447025
0,1026	-0,0447638
0,10265	-0,0448288
0,1027	-0,0448975
0,10275	-0,0449688
0,1028	-0,0450412
0,10285	-0,0451113
0,1029	-0,0451737
0,10295	-0,0452275
0,103	-0,0452725
0,10305	-0,04531
0,1031	-0,045345
0,10315	-0,045385
0,1032	-0,0454388
0,10325	-0,0455087
0,1033	-0,0455937
0,10335	-0,045685
0,1034	-0,04577
0,10345	-0,0458413
0,1035	-0,0458963
0,10355	-0,0459388
0,1036	-0,0459763
0,10365	-0,0460187
0,1037	-0,0460762
0,10375	-0,0461538
0,1038	-0,0462513
0,10385	-0,0463663
0,1039	-0,0464925
0,10395	-0,0466225
0,104	-0,04675
0,10405	-0,0468662
0,1041	-0,0469662
0,10415	-0,0470513
0,1042	-0,0471262
0,10425	-0,0471963
0,1043	-0,0472637
0,10435	-0,04733
0,1044	-0,0473938
0,10445	-0,0474587
0,1045	-0,0475275
0,10455	-0,0476025
0,1046	-0,0476775
0,10465	-0,0477475
0,1047	-0,0478088
0,10475	-0,0478562
0,1048	-0,0478913
0,10485	-0,0479188
0,1049	-0,0479413
0,10495	-0,0479662
0,105	-0,0479962
0,10505	-0,04803
0,1051	-0,0480637
0,10515	-0,0480938
0,1052	-0,0481163
0,10525	-0,0481263
0,1053	-0,0481263
0,10535	-0,0481175
0,1054	-0,0481025
0,10545	-0,0480938
0,1055	-0,0480912
0,10555	-0,0480975
0,1056	-0,0481238
0,10565	-0,0481687
0,1057	-0,048225
0,10575	-0,0482837
0,1058	-0,0483363
0,10585	-0,0483813
0,1059	-0,0484238
0,10595	-0,04847
0,106	-0,0485225
0,10605	-0,0485813
0,1061	-0,0486462
0,10615	-0,048715
0,1062	-0,0487837
0,10625	-0,048855
0,1063	-0,0489225
0,10635	-0,048985
0,1064	-0,0490412
0,10645	-0,0490875
0,1065	-0,0491263
0,10655	-0,0491562
0,1066	-0,0491813
0,10665	-0,0492062
0,1067	-0,0492325
0,10675	-0,0492612
0,1068	-0,0492912
0,10685	-0,0493238
0,1069	-0,0493625
0,10695	-0,04941
0,107	-0,0494637
0,10705	-0,0495213
0,1071	-0,049575
0,10715	-0,0496213
0,1072	-0,0496587
0,10725	-0,0496862
0,1073	-0,04971
0,10735	-0,0497313
0,1074	-0,0497537
0,10745	-0,0497775
0,1075	-0,049805
0,10755	-0,04984
0,1076	-0,0498812
0,10765	-0,04993
0,1077	-0,04999
0,10775	-0,05006
0,1078	-0,0501437
0,10785	-0,0502388
0,1079	-0,0503425
0,10795	-0,0504475
0,108	-0,050545
0,10805	-0,05063
0,1081	-0,0507012
0,10815	-0,0507613
0,1082	-0,0508162
0,10825	-0,0508763
0,1083	-0,0509525
0,10835	-0,0510487
0,1084	-0,0511637
0,10845	-0,0512912
0,1085	-0,0514238
0,10855	-0,0515563
0,1086	-0,0516825
0,10865	-0,0517975
0,1087	-0,0518987
0,10875	-0,0519788
0,1088	-0,05204
0,10885	-0,05208
0,1089	-0,0521063
0,10895	-0,0521225
0,109	-0,0521387
0,10905	-0,0521588
0,1091	-0,0521837
0,10915	-0,0522112
0,1092	-0,052235
0,10925	-0,0522475
0,1093	-0,0522487
0,10935	-0,052245
0,1094	-0,052235
0,10945	-0,0522275
0,1095	-0,0522262
0,10955	-0,0522313
0,1096	-0,0522475
0,10965	-0,0522638
0,1097	-0,0522738
0,10975	-0,0522713
0,1098	-0,0522575
0,10985	-0,0522413
0,1099	-0,05223
0,10995	-0,0522275
0,11	-0,0522325
0,11005	-0,0522512
0,1101	-0,0522762
0,11015	-0,0523
0,1102	-0,0523188
0,11025	-0,0523325
0,1103	-0,0523425
0,11035	-0,0523563
0,1104	-0,0523812
0,11045	-0,0524212
0,1105	-0,052475
0,11055	-0,0525337
0,1106	-0,0525863
0,11065	-0,052625
0,1107	-0,05265
0,11075	-0,0526638
0,1108	-0,052675
0,11085	-0,0526887
0,1109	-0,0527088
0,11095	-0,052735
0,111	-0,0527675
0,11105	-0,052805
0,1111	-0,0528437
0,11115	-0,05288
0,1112	-0,052915
0,11125	-0,052945
0,1113	-0,0529725
0,11135	-0,0529988
0,1114	-0,0530225
0,11145	-0,0530488
0,1115	-0,0530763
0,11155	-0,0531075
0,1116	-0,0531438
0,11165	-0,053185
0,1117	-0,0532275
0,11175	-0,0532712
0,1118	-0,0533163
0,11185	-0,0533587
0,1119	-0,0534
0,11195	-0,05344
0,112	-0,0534763
0,11205	-0,0535088
0,1121	-0,0535363
0,11215	-0,0535612
0,1122	-0,0535837
0,11225	-0,053605
0,1123	-0,0536225
0,11235	-0,05364
0,1124	-0,0536587
0,11245	-0,0536825
0,1125	-0,0537113
0,11255	-0,053745
0,1126	-0,05378
0,11265	-0,0538175
0,1127	-0,0538575
0,11275	-0,0539038
0,1128	-0,0539588
0,11285	-0,0540225
0,1129	-0,0541013
0,11295	-0,0541925
0,113	-0,0542912
0,11305	-0,0543913
0,1131	-0,0544837
0,11315	-0,0545675
0,1132	-0,0546413
0,11325	-0,0547087
0,1133	-0,0547737
0,11335	-0,0548375
0,1134	-0,0548988
0,11345	-0,0549575
0,1135	-0,0550088
0,11355	-0,0550537
0,1136	-0,0550913
0,11365	-0,055125
0,1137	-0,05516
0,11375	-0,0551975
0,1138	-0,0552375
0,11385	-0,0552787
0,1139	-0,0553163
0,11395	-0,05535
0,114	-0,0553787
0,11405	-0,0554025
0,1141	-0,0554225
0,11415	-0,0554362
0,1142	-0,0554437
0,11425	-0,0554463
0,1143	-0,055445
0,11435	-0,055435
0,1144	-0,05542
0,11445	-0,0554025
0,1145	-0,0553887
0,11455	-0,05538
0,1146	-0,05538
0,11465	-0,055385
0,1147	-0,0554013
0,11475	-0,0554275
0,1148	-0,0554637
0,11485	-0,055505
0,1149	-0,0555475
0,11495	-0,055585
0,115	-0,0556175
0,11505	-0,055645
0,1151	-0,0556725
0,11515	-0,0557012
0,1152	-0,0557337
0,11525	-0,0557688
0,1153	-0,055805
0,11535	-0,055835
0,1154	-0,05585
0,11545	-0,0558563
0,1155	-0,0558575
0,11555	-0,0558575
0,1156	-0,0558612
0,11565	-0,0558762
0,1157	-0,055905
0,11575	-0,0559475
0,1158	-0,056
0,11585	-0,0560575
0,1159	-0,0561113
0,11595	-0,0561575
0,116	-0,0561938
0,11605	-0,0562225
0,1161	-0,056245
0,11615	-0,0562688
0,1162	-0,0562975
0,11625	-0,0563325
0,1163	-0,0563738
0,11635	-0,056415
0,1164	-0,0564512
0,11645	-0,0564738
0,1165	-0,0564787
0,11655	-0,0564738
0,1166	-0,0564512
0,11665	-0,05642
0,1167	-0,0563975
0,11675	-0,0563875
0,1168	-0,0563938
0,11685	-0,056425
0,1169	-0,0564725
0,11695	-0,05653
0,117	-0,0565925
0,11705	-0,0566625
0,1171	-0,0567387
0,11715	-0,0568262
0,1172	-0,0569263
0,11725	-0,057045
0,1173	-0,0571775
0,11735	-0,0573225
0,1174	-0,05747
0,11745	-0,0576137
0,1175	-0,057745
0,11755	-0,057855
0,1176	-0,05794
0,11765	-0,0579975
0,1177	-0,0580325
0,11775	-0,0580488
0,1178	-0,0580525
0,11785	-0,05805
0,1179	-0,0580425
0,11795	-0,0580337
0,118	-0,0580263
0,11805	-0,05802
0,1181	-0,058015
0,11815	-0,0580075
0,1182	-0,0580037
0,11825	-0,0580013
0,1183	-0,0580013
0,11835	-0,0580037
0,1184	-0,0580075
0,11845	-0,058015
0,1185	-0,0580225
0,11855	-0,0580312
0,1186	-0,0580362
0,11865	-0,058035
0,1187	-0,0580275
0,11875	-0,05801
0,1188	-0,0579837
0,11885	-0,0579512
0,1189	-0,0579175
0,11895	-0,05789
0,119	-0,057875
0,11905	-0,0578725
0,1191	-0,05788
0,11915	-0,0578925
0,1192	-0,057905
0,11925	-0,05791
0,1193	-0,0579113
0,11935	-0,05791
0,1194	-0,0579075
0,11945	-0,0579063
0,1195	-0,0579075
0,11955	-0,0579113
0,1196	-0,05792
0,11965	-0,0579325
0,1197	-0,0579475
0,11975	-0,0579625
0,1198	-0,0579762
0,11985	-0,0579862
0,1199	-0,0579913
0,11995	-0,05799
0,12	-0,0579862
0,12005	-0,0579837
0,1201	-0,0579875
0,12015	-0,0580062
0,1202	-0,0580375
0,12025	-0,0580763
0,1203	-0,0581113
0,12035	-0,0581363
0,1204	-0,0581487
0,12045	-0,0581512
0,1205	-0,05815
0,12055	-0,0581475
0,1206	-0,0581512
0,12065	-0,058165
0,1207	-0,0581913
0,12075	-0,058225
0,1208	-0,0582575
0,12085	-0,0582825
0,1209	-0,0582988
0,12095	-0,05831
0,121	-0,0583175
0,12105	-0,0583275
0,1211	-0,05834
0,12115	-0,0583537
0,1212	-0,0583675
0,12125	-0,0583775
0,1213	-0,0583863
0,12135	-0,0583938
0,1214	-0,058405
0,12145	-0,05842
0,1215	-0,0584362
0,12155	-0,0584525
0,1216	-0,0584637
0,12165	-0,05847
0,1217	-0,0584738
0,12175	-0,0584775
0,1218	-0,0584862
0,12185	-0,0585075
0,1219	-0,058545
0,12195	-0,0586012
0,122	-0,058675
0,12205	-0,0587613
0,1221	-0,0588512
0,12215	-0,0589337
0,1222	-0,0590012
0,12225	-0,0590462
0,1223	-0,0590725
0,12235	-0,0590862
0,1224	-0,0590913
0,12245	-0,0590988
0,1225	-0,0591125
0,12255	-0,059135
0,1226	-0,059165
0,12265	-0,0591937
0,1227	-0,0592162
0,12275	-0,0592288
0,1228	-0,0592338
0,12285	-0,059235
0,1229	-0,059235
0,12295	-0,0592363
0,123	-0,05924
0,12305	-0,0592487
0,1231	-0,0592588
0,12315	-0,0592688
0,1232	-0,059275
0,12325	-0,0592725
0,1233	-0,05926
0,12335	-0,0592313
0,1234	-0,0591887
0,12345	-0,0591375
0,1235	-0,0590825
0,12355	-0,0590338
0,1236	-0,0589937
0,12365	-0,0589675
0,1237	-0,0589525
0,12375	-0,0589488
0,1238	-0,0589513
0,12385	-0,0589625
0,1239	-0,0589788
0,12395	-0,058995
0,124	-0,05901
0,12405	-0,0590225
0,1241	-0,059035
0,12415	-0,0590487
0,1242	-0,059065
0,12425	-0,0590875
0,1243	-0,059115
0,12435	-0,05915
0,1244	-0,05919
0,12445	-0,05924
0,1245	-0,0592938
0,12455	-0,0593488
0,1246	-0,0594
0,12465	-0,059445
0,1247	-0,0594812
0,12475	-0,0595087
0,1248	-0,0595325
0,12485	-0,0595537
0,1249	-0,0595738
0,12495	-0,0595925
0,125	-0,0596088
0,12505	-0,0596187
0,1251	-0,0596212
0,12515	-0,05962
0,1252	-0,0596112
0,12525	-0,0595988
0,1253	-0,0595887
0,12535	-0,0595825
0,1254	-0,05958
0,12545	-0,0595788
0,1255	-0,05958
0,12555	-0,0595825
0,1256	-0,0595862
0,12565	-0,0595925
0,1257	-0,0595975
0,12575	-0,0596013
0,1258	-0,0596088
0,12585	-0,0596175
0,1259	-0,0596313
0,12595	-0,059645
0,126	-0,0596525
0,12605	-0,0596538
0,1261	-0,059645
0,12615	-0,0596212
0,1262	-0,0595812
0,12625	-0,059535
0,1263	-0,059495
0,12635	-0,05947
0,1264	-0,0594675
0,12645	-0,0594875
0,1265	-0,0595387
0,12655	-0,05961
0,1266	-0,0596888
0,12665	-0,0597612
0,1267	-0,0598213
0,12675	-0,059865
0,1268	-0,0598937
0,12685	-0,0599138
0,1269	-0,0599287
0,12695	-0,0599425
0,127	-0,0599587
0,12705	-0,059975
0,1271	-0,0599938
0,12715	-0,0600087
0,1272	-0,06002
0,12725	-0,0600263
0,1273	-0,0600325
0,12735	-0,0600362
0,1274	-0,0600437
0,12745	-0,0600525
0,1275	-0,0600625
0,12755	-0,060075
0,1276	-0,0600887
0,12765	-0,0601
0,1277	-0,0601063
0,12775	-0,0601063
0,1278	-0,0600962
0,12785	-0,0600675
0,1279	-0,0600238
0,12795	-0,0599713
0,128	-0,0599138
0,12805	-0,0598613
0,1281	-0,059815
0,12815	-0,05978
0,1282	-0,059755
0,12825	-0,05974
0,1283	-0,0597325
0,12835	-0,05973
0,1284	-0,0597287
0,12845	-0,0597237
0,1285	-0,0597138
0,12855	-0,0596975
0,1286	-0,059675
0,12865	-0,0596538
0,1287	-0,059635
0,12875	-0,0596238
0,1288	-0,0596175
0,12885	-0,0596175
0,1289	-0,0596238
0,12895	-0,0596363
0,129	-0,0596512
0,12905	-0,0596662
0,1291	-0,0596787
0,12915	-0,0596913
0,1292	-0,0597012
0,12925	-0,05971
0,1293	-0,059715
0,12935	-0,0597138
0,1294	-0,0597075
0,12945	-0,059695
0,1295	-0,0596787
0,12955	-0,0596638
0,1296	-0,059655
0,12965	-0,0596538
0,1297	-0,059655
0,12975	-0,059665
0,1298	-0,0596825
0,12985	-0,0597025
0,1299	-0,0597237
0,12995	-0,0597388
0,13	-0,0597488
0,13005	-0,0597525
0,1301	-0,059755
0,13015	-0,0597562
0,1302	-0,0597612
0,13025	-0,0597713
0,1303	-0,0597837
0,13035	-0,0597963
0,1304	-0,059805
0,13045	-0,0598075
0,1305	-0,0598063
0,13055	-0,0597963
0,1306	-0,0597825
0,13065	-0,0597688
0,1307	-0,0597612
0,13075	-0,05976
0,1308	-0,059765
0,13085	-0,0597787
0,1309	-0,0597963
0,13095	-0,0598213
0,131	-0,0598538
0,13105	-0,0598975
0,1311	-0,0599512
0,13115	-0,06001
0,1312	-0,0600687
0,13125	-0,06012
0,1313	-0,0601575
0,13135	-0,06018
0,1314	-0,06019
0,13145	-0,0601925
0,1315	-0,0601913
0,13155	-0,0601888
0,1316	-0,0601888
0,13165	-0,06019
0,1317	-0,0601925
0,13175	-0,0601963
0,1318	-0,0602025
0,13185	-0,0602112
0,1319	-0,0602263
0,13195	-0,06025
0,132	-0,0602788
0,13205	-0,0603063
0,1321	-0,0603262
0,13215	-0,060335
0,1322	-0,0603313
0,13225	-0,0603088
0,1323	-0,06027
0,13235	-0,0602188
0,1324	-0,060155
0,13245	-0,060085
0,1325	-0,060015
0,13255	-0,05995
0,1326	-0,0598937
0,13265	-0,0598513
0,1327	-0,05982
0,13275	-0,0598013
0,1328	-0,05979
0,13285	-0,0597837
0,1329	-0,059785
0,13295	-0,0597912
0,133	-0,0598038
0,13305	-0,0598225
0,1331	-0,0598462
0,13315	-0,05987
0,1332	-0,05989
0,13325	-0,0599063
0,1333	-0,0599175
0,13335	-0,0599237
0,1334	-0,05993
0,13345	-0,0599337
0,1335	-0,0599425
0,13355	-0,0599562
0,1336	-0,059975
0,13365	-0,0599975
0,1337	-0,0600175
0,13375	-0,0600313
0,1338	-0,0600362
0,13385	-0,0600387
0,1339	-0,0600387
0,13395	-0,0600387
0,134	-0,06004
0,13405	-0,0600425
0,1341	-0,0600437
0,13415	-0,0600425
0,1342	-0,0600375
0,13425	-0,0600313
0,1343	-0,0600238
0,13435	-0,0600162
0,1344	-0,0600087
0,13445	-0,0600013
0,1345	-0,0599963
0,13455	-0,059995
0,1346	-0,0599975
0,13465	-0,0600038
0,1347	-0,0600137
0,13475	-0,0600213
0,1348	-0,0600263
0,13485	-0,0600313
0,1349	-0,0600375
0,13495	-0,060045
0,135	-0,0600588
0,13505	-0,0600725
0,1351	-0,0600838
0,13515	-0,06009
0,1352	-0,0600887
0,13525	-0,0600788
0,1353	-0,0600625
0,13535	-0,060045
0,1354	-0,0600325
0,13545	-0,0600288
0,1355	-0,0600337
0,13555	-0,06006
0,1356	-0,0601025
0,13565	-0,0601587
0,1357	-0,06022
0,13575	-0,06028
0,1358	-0,0603338
0,13585	-0,0603825
0,1359	-0,0604238
0,13595	-0,060455
0,136	-0,0604775
0,13605	-0,0604875
0,1361	-0,06049
0,13615	-0,06049
0,1362	-0,0604887
0,13625	-0,0604912
0,1363	-0,0605038
0,13635	-0,0605275
0,1364	-0,0605625
0,13645	-0,0606
0,1365	-0,0606337
0,13655	-0,0606575
0,1366	-0,06067
0,13665	-0,0606725
0,1367	-0,0606688
0,13675	-0,0606612
0,1368	-0,06065
0,13685	-0,0606325
0,1369	-0,0606037
0,13695	-0,0605625
0,137	-0,0605075
0,13705	-0,0604438
0,1371	-0,0603787
0,13715	-0,0603212
0,1372	-0,0602788
0,13725	-0,06025
0,1373	-0,0602325
0,13735	-0,0602238
0,1374	-0,0602188
0,13745	-0,0602175
0,1375	-0,0602163
0,13755	-0,060215
0,1376	-0,0602125
0,13765	-0,0602087
0,1377	-0,0602025
0,13775	-0,0601925
0,1378	-0,0601812
0,13785	-0,06017
0,1379	-0,0601613
0,13795	-0,060155
0,138	-0,0601487
0,13805	-0,0601388
0,1381	-0,060125
0,13815	-0,0601113
0,1382	-0,0601012
0,13825	-0,0600975
0,1383	-0,0600975
0,13835	-0,0601025
0,1384	-0,0601063
0,13845	-0,0601088
0,1385	-0,0601088
0,13855	-0,0601063
0,1386	-0,0601012
0,13865	-0,0600962
0,1387	-0,0600937
0,13875	-0,0600925
0,1388	-0,0600937
0,13885	-0,0601
0,1389	-0,06011
0,13895	-0,0601187
0,139	-0,0601237
0,13905	-0,0601225
0,1391	-0,0601125
0,13915	-0,0601
0,1392	-0,06009
0,13925	-0,060085
0,1393	-0,0600875
0,13935	-0,0600987
0,1394	-0,0601138
0,13945	-0,060125
0,1395	-0,06013
0,13955	-0,060125
0,1396	-0,060105
0,13965	-0,060075
0,1397	-0,0600437
0,13975	-0,0600225
0,1398	-0,060015
0,13985	-0,06002
0,1399	-0,0600462
0,13995	-0,0600875
0,14	-0,0601375
0,14005	-0,0601913
0,1401	-0,060245
0,14015	-0,0602975
0,1402	-0,0603487
0,14025	-0,0603925
0,1403	-0,0604263
0,14035	-0,0604513
0,1404	-0,060465
0,14045	-0,0604675
0,1405	-0,0604687
0,14055	-0,0604687
0,1406	-0,0604713
0,14065	-0,0604825
0,1407	-0,0605038
0,14075	-0,0605338
0,1408	-0,0605675
0,14085	-0,0606012
0,1409	-0,0606275
0,14095	-0,0606463
0,141	-0,0606612
0,14105	-0,0606763
0,1411	-0,0607
0,14115	-0,0607375
0,1412	-0,0607875
0,14125	-0,06084
0,1413	-0,0608875
0,14135	-0,0609175
0,1414	-0,0609275
0,14145	-0,0609225
0,1415	-0,0608912
0,14155	-0,060845
0,1416	-0,0607962
0,14165	-0,06075
0,1417	-0,060715
0,14175	-0,0606912
0,1418	-0,060675
0,14185	-0,0606587
0,1419	-0,0606387
0,14195	-0,0606075
0,142	-0,0605663
0,14205	-0,0605212
0,1421	-0,0604775
0,14215	-0,0604463
0,1422	-0,06043
0,14225	-0,06043
0,1423	-0,0604425
0,14235	-0,06046
0,1424	-0,0604725
0,14245	-0,0604788
0,1425	-0,0604788
0,14255	-0,0604725
0,1426	-0,0604587
0,14265	-0,0604387
0,1427	-0,0604075
0,14275	-0,0603675
0,1428	-0,0603187
0,14285	-0,0602662
0,1429	-0,060215
0,14295	-0,0601713
0,143	-0,0601375
0,14305	-0,0601125
0,1431	-0,060095
0,14315	-0,0600838
0,1432	-0,0600737
0,14325	-0,060065
0,1433	-0,0600588
0,14335	-0,06005
0,1434	-0,06004
0,14345	-0,0600263
0,1435	-0,0600087
0,14355	-0,0599913
0,1436	-0,0599775
0,14365	-0,0599688
0,1437	-0,0599638
0,14375	-0,05996
0,1438	-0,0599525
0,14385	-0,05994
0,1439	-0,0599237
0,14395	-0,0599075
0,144	-0,0598975
0,14405	-0,059895
0,1441	-0,0598962
0,14415	-0,0599063
0,1442	-0,0599163
0,14425	-0,0599212
0,1443	-0,0599188
0,14435	-0,0599037
0,1444	-0,0598788
0,14445	-0,0598538
0,1445	-0,0598412
0,14455	-0,0598437
0,1446	-0,0598725
0,14465	-0,0599275
0,1447	-0,0599975
0,14475	-0,0600675
0,1448	-0,0601237
0,14485	-0,0601625
0,1449	-0,0601812
0,14495	-0,0601862
0,145	-0,0601875
0,14505	-0,0601862
0,1451	-0,0601862
0,14515	-0,0601875
0,1452	-0,0601913
0,14525	-0,060195
0,1453	-0,0601963
0,14535	-0,0601938
0,1454	-0,0601825
0,14545	-0,0601688
0,1455	-0,0601537
0,14555	-0,0601462
0,1456	-0,0601462
0,14565	-0,0601562
0,1457	-0,0601725
0,14575	-0,06019
0,1458	-0,060205
0,14585	-0,06021
0,1459	-0,0602075
0,14595	-0,06019
0,146	-0,0601537
0,14605	-0,0600975
0,1461	-0,0600263
0,14615	-0,0599463
0,1462	-0,059865
0,14625	-0,05979
0,1463	-0,0597262
0,14635	-0,0596775
0,1464	-0,0596475
0,14645	-0,0596313
0,1465	-0,059625
0,14655	-0,0596212
0,1466	-0,0596187
0,14665	-0,0596125
0,1467	-0,0595963
0,14675	-0,0595713
0,1468	-0,0595387
0,14685	-0,0595025
0,1469	-0,0594675
0,14695	-0,0594363
0,147	-0,05941
0,14705	-0,0593887
0,1471	-0,05937
0,14715	-0,0593538
0,1472	-0,059345
0,14725	-0,0593438
0,1473	-0,059345
0,14735	-0,0593488
0,1474	-0,0593488
0,14745	-0,05934
0,1475	-0,0593112
0,14755	-0,0592675
0,1476	-0,0592175
0,14765	-0,0591725
0,1477	-0,05914
0,14775	-0,0591238
0,1478	-0,0591188
0,14785	-0,0591213
0,1479	-0,05913
0,14795	-0,0591425
0,148	-0,0591563
0,14805	-0,0591662
0,1481	-0,0591725
0,14815	-0,0591738
0,1482	-0,0591738
0,14825	-0,0591687
0,1483	-0,0591625
0,14835	-0,0591575
0,1484	-0,0591538
0,14845	-0,05915
0,1485	-0,0591475
0,14855	-0,059145
0,1486	-0,0591387
0,14865	-0,0591312
0,1487	-0,0591188
0,14875	-0,0591013
0,1488	-0,0590825
0,14885	-0,059065
0,1489	-0,0590537
0,14895	-0,0590487
0,149	-0,0590512
0,14905	-0,0590675
0,1491	-0,0591013
0,14915	-0,0591563
0,1492	-0,0592288
0,14925	-0,059315
0,1493	-0,0594038
0,14935	-0,0594913
0,1494	-0,0595763
0,14945	-0,059655
0,1495	-0,0597262
0,14955	-0,0597862
0,1496	-0,0598325
0,14965	-0,05986
0,1497	-0,0598737
0,14975	-0,0598725
0,1498	-0,05986
0,14985	-0,0598412
0,1499	-0,0598238
0,14995	-0,0598125
0,15	-0,059805
0,15005	-0,0598038
0,1501	-0,0598025
0,15015	-0,0598038
0,1502	-0,0598038
0,15025	-0,0598038
0,1503	-0,0598013
0,15035	-0,0597963
0,1504	-0,0597837
0,15045	-0,0597612
0,1505	-0,059725
0,15055	-0,0596725
0,1506	-0,0596112
0,15065	-0,0595475
0,1507	-0,0594913
0,15075	-0,0594462
0,1508	-0,0594125
0,15085	-0,0593875
0,1509	-0,0593675
0,15095	-0,05935
0,151	-0,059335
0,15105	-0,0593213
0,1511	-0,0593087
0,15115	-0,0592975
0,1512	-0,0592825
0,15125	-0,059265
0,1513	-0,0592462
0,15135	-0,059225
0,1514	-0,0592038
0,15145	-0,059185
0,1515	-0,0591662
0,15155	-0,0591475
0,1516	-0,0591275
0,15165	-0,0591075
0,1517	-0,0590888
0,15175	-0,059075
0,1518	-0,0590675
0,15185	-0,059065
0,1519	-0,059065
0,15195	-0,0590625
0,152	-0,0590537
0,15205	-0,0590375
0,1521	-0,0590175
0,15215	-0,0589962
0,1522	-0,0589813
0,15225	-0,05897
0,1523	-0,058965
0,15235	-0,0589637
0,1524	-0,058965
0,15245	-0,05897
0,1525	-0,05898
0,15255	-0,0589912
0,1526	-0,0590063
0,15265	-0,0590212
0,1527	-0,0590338
0,15275	-0,0590438
0,1528	-0,0590475
0,15285	-0,0590462
0,1529	-0,0590375
0,15295	-0,0590212
0,153	-0,0590012
0,15305	-0,05898
0,1531	-0,0589563
0,15315	-0,0589325
0,1532	-0,0589075
0,15325	-0,0588837
0,1533	-0,0588675
0,15335	-0,0588575
0,1534	-0,0588537
0,15345	-0,0588537
0,1535	-0,0588575
0,15355	-0,0588688
0,1536	-0,05889
0,15365	-0,0589275
0,1537	-0,0589813
0,15375	-0,0590462
0,1538	-0,05911
0,15385	-0,0591637
0,1539	-0,0592038
0,15395	-0,0592275
0,154	-0,0592413
0,15405	-0,0592487
0,1541	-0,059255
0,15415	-0,0592625
0,1542	-0,059275
0,15425	-0,0592888
0,1543	-0,059305
0,15435	-0,0593175
0,1544	-0,0593263
0,15445	-0,0593312
0,1545	-0,0593325
0,15455	-0,0593337
0,1546	-0,0593375
0,15465	-0,0593463
0,1547	-0,0593612
0,15475	-0,05938
0,1548	-0,0594013
0,15485	-0,0594212
0,1549	-0,0594375
0,15495	-0,0594475
0,155	-0,0594462
0,15505	-0,0594325
0,1551	-0,059395
0,15515	-0,0593412
0,1552	-0,0592775
0,15525	-0,059215
0,1553	-0,0591612
0,15535	-0,0591175
0,1554	-0,0590875
0,15545	-0,059065
0,1555	-0,0590512
0,15555	-0,0590425
0,1556	-0,0590388
0,15565	-0,059035
0,1557	-0,0590325
0,15575	-0,0590275
0,1558	-0,0590187
0,15585	-0,0590038
0,1559	-0,0589825
0,15595	-0,0589563
0,156	-0,0589288
0,15605	-0,0589062
0,1561	-0,0588887
0,15615	-0,05888
0,1562	-0,0588787
0,15625	-0,0588812
0,1563	-0,0588875
0,15635	-0,058895
0,1564	-0,0589013
0,15645	-0,0589062
0,1565	-0,0589112
0,15655	-0,0589175
0,1566	-0,058925
0,15665	-0,0589387
0,1567	-0,0589525
0,15675	-0,0589637
0,1568	-0,0589662
0,15685	-0,0589625
0,1569	-0,0589475
0,15695	-0,0589263
0,157	-0,0589112
0,15705	-0,0589038
0,1571	-0,0589062
0,15715	-0,0589225
0,1572	-0,0589475
0,15725	-0,0589763
0,1573	-0,0590012
0,15735	-0,0590175
0,1574	-0,059025
0,15745	-0,059025
0,1575	-0,0590175
0,15755	-0,0590088
0,1576	-0,0590038
0,15765	-0,0590075
0,1577	-0,0590237
0,15775	-0,0590525
0,1578	-0,0590925
0,15785	-0,05914
0,1579	-0,05919
0,15795	-0,0592363
0,158	-0,0592737
0,15805	-0,0593025
0,1581	-0,059325
0,15815	-0,0593488
0,1582	-0,0593788
0,15825	-0,0594187
0,1583	-0,0594712
0,15835	-0,059535
0,1584	-0,0596038
0,15845	-0,0596712
0,1585	-0,0597312
0,15855	-0,0597812
0,1586	-0,0598213
0,15865	-0,0598462
0,1587	-0,05986
0,15875	-0,05986
0,1588	-0,0598538
0,15885	-0,059845
0,1589	-0,05984
0,15895	-0,0598425
0,159	-0,0598563
0,15905	-0,059875
0,1591	-0,0598937
0,15915	-0,0599037
0,1592	-0,0599012
0,15925	-0,0598762
0,1593	-0,0598313
0,15935	-0,0597688
0,1594	-0,0596975
0,15945	-0,059625
0,1595	-0,0595537
0,15955	-0,0594787
0,1596	-0,0593975
0,15965	-0,0593087
0,1597	-0,0592175
0,15975	-0,0591312
0,1598	-0,05906
0,15985	-0,059005
0,1599	-0,0589675
0,15995	-0,0589425
0,16	-0,0589263
0,16005	-0,0589137
0,1601	-0,0589025
0,16015	-0,0588887
0,1602	-0,0588738
0,16025	-0,058855
0,1603	-0,05883
0,16035	-0,0588012
0,1604	-0,0587725
0,16045	-0,0587475
0,1605	-0,0587338
0,16055	-0,0587325
0,1606	-0,0587387
0,16065	-0,0587475
0,1607	-0,0587513
0,16075	-0,0587487
0,1608	-0,0587362
0,16085	-0,0587162
0,1609	-0,0586938
0,16095	-0,058675
0,161	-0,0586612
0,16105	-0,0586512
0,1611	-0,0586463
0,16115	-0,058645
0,1612	-0,058645
0,16125	-0,0586488
0,1613	-0,0586575
0,16135	-0,0586663
0,1614	-0,0586725
0,16145	-0,0586713
0,1615	-0,0586663
0,16155	-0,0586537
0,1616	-0,0586375
0,16165	-0,058615
0,1617	-0,0585875
0,16175	-0,0585588
0,1618	-0,0585325
0,16185	-0,0585112
0,1619	-0,058495
0,16195	-0,0584837
0,162	-0,0584725
0,16205	-0,058465
0,1621	-0,0584587
0,16215	-0,0584587
0,1622	-0,0584625
0,16225	-0,058475
0,1623	-0,0584925
0,16235	-0,0585112
0,1624	-0,0585288
0,16245	-0,0585425
0,1625	-0,0585512
0,16255	-0,0585588
0,1626	-0,058565
0,16265	-0,0585725
0,1627	-0,058585
0,16275	-0,058605
0,1628	-0,0586312
0,16285	-0,05866
0,1629	-0,0586837
0,16295	-0,0587025
0,163	-0,0587162
0,16305	-0,058725
0,1631	-0,0587338
0,16315	-0,0587462
0,1632	-0,058765
0,16325	-0,0587888
0,1633	-0,0588175
0,16335	-0,058845
0,1634	-0,0588663
0,16345	-0,0588825
0,1635	-0,0588913
0,16355	-0,0588925
0,1636	-0,0588875
0,16365	-0,0588762
0,1637	-0,0588612
0,16375	-0,05885
0,1638	-0,058845
0,16385	-0,0588463
0,1639	-0,0588537
0,16395	-0,0588587
0,164	-0,0588587
0,16405	-0,058845
0,1641	-0,0588113
0,16415	-0,0587625
0,1642	-0,0587075
0,16425	-0,0586525
0,1643	-0,0586037
0,16435	-0,0585613
0,1644	-0,0585238
0,16445	-0,0584862
0,1645	-0,0584475
0,16455	-0,05841
0,1646	-0,0583762
0,16465	-0,0583525
0,1647	-0,05834
0,16475	-0,0583338
0,1648	-0,0583338
0,16485	-0,0583375
0,1649	-0,0583412
0,16495	-0,0583425
0,165	-0,05834
0,16505	-0,0583325
0,1651	-0,05832
0,16515	-0,0583038
0,1652	-0,0582862
0,16525	-0,0582713
0,1653	-0,0582575
0,16535	-0,0582463
0,1654	-0,0582375
0,16545	-0,0582287
0,1655	-0,0582225
0,16555	-0,0582163
0,1656	-0,0582138
0,16565	-0,0582112
0,1657	-0,0582062
0,16575	-0,0581975
0,1658	-0,0581812
0,16585	-0,058155
0,1659	-0,05812
0,16595	-0,0580813
0,166	-0,0580437
0,16605	-0,0580137
0,1661	-0,0579938
0,16615	-0,0579825
0,1662	-0,057975
0,16625	-0,0579725
0,1663	-0,0579725
0,16635	-0,0579762
0,1664	-0,05798
0,16645	-0,0579825
0,1665	-0,05798
0,16655	-0,05797
0,1666	-0,0579562
0,16665	-0,0579438
0,1667	-0,0579375
0,16675	-0,0579363
0,1668	-0,05794
0,16685	-0,0579462
0,1669	-0,0579525
0,16695	-0,0579562
0,167	-0,0579575
0,16705	-0,057955
0,1671	-0,0579512
0,16715	-0,05795
0,1672	-0,0579512
0,16725	-0,0579613
0,1673	-0,05798
0,16735	-0,0580025
0,1674	-0,058025
0,16745	-0,0580412
0,1675	-0,0580513
0,16755	-0,0580563
0,1676	-0,0580637
0,16765	-0,05808
0,1677	-0,0581113
0,16775	-0,0581562
0,1678	-0,05821
0,16785	-0,0582612
0,1679	-0,0583013
0,16795	-0,0583275
0,168	-0,0583375
0,16805	-0,0583375
0,1681	-0,0583263
0,16815	-0,0583113
0,1682	-0,0582988
0,16825	-0,05829
0,1683	-0,0582862
0,16835	-0,0582837
0,1684	-0,0582788
0,16845	-0,0582675
0,1685	-0,0582475
0,16855	-0,0582188
0,1686	-0,0581812
0,16865	-0,058135
0,1687	-0,0580825
0,16875	-0,05803
0,1688	-0,0579775
0,16885	-0,0579275
0,1689	-0,057885
0,16895	-0,05785
0,169	-0,0578238
0,16905	-0,057805
0,1691	-0,0577887
0,16915	-0,0577713
0,1692	-0,0577525
0,16925	-0,0577312
0,1693	-0,0577075
0,16935	-0,0576813
0,1694	-0,0576538
0,16945	-0,0576263
0,1695	-0,0576025
0,16955	-0,0575862
0,1696	-0,0575763
0,16965	-0,0575725
0,1697	-0,0575688
0,16975	-0,0575663
0,1698	-0,0575625
0,16985	-0,057555
0,1699	-0,0575488
0,16995	-0,0575438
0,17	-0,0575438
0,17005	-0,0575475
0,1701	-0,05756
0,17015	-0,0575775
0,1702	-0,0575988
0,17025	-0,0576125
0,1703	-0,0576162
0,17035	-0,05761
0,1704	-0,0575837
0,17045	-0,0575463
0,1705	-0,0575075
0,17055	-0,0574787
0,1706	-0,0574625
0,17065	-0,0574575
0,1707	-0,0574563
0,17075	-0,0574563
0,1708	-0,0574525
0,17085	-0,0574425
0,1709	-0,0574275
0,17095	-0,0574137
0,171	-0,0574063
0,17105	-0,0574063
0,1711	-0,0574125
0,17115	-0,0574263
0,1712	-0,0574425
0,17125	-0,0574575
0,1713	-0,0574662
0,17135	-0,0574675
0,1714	-0,0574638
0,17145	-0,0574487
0,1715	-0,0574263
0,17155	-0,0574063
0,1716	-0,0573925
0,17165	-0,0573887
0,1717	-0,0573937
0,17175	-0,0574175
0,1718	-0,0574588
0,17185	-0,0575163
0,1719	-0,0575862
0,17195	-0,0576625
0,172	-0,0577375
0,17205	-0,057805
0,1721	-0,0578575
0,17215	-0,0578937
0,1722	-0,0579138
0,17225	-0,0579212
0,1723	-0,0579212
0,17235	-0,057915
0,1724	-0,0579025
0,17245	-0,057885
0,1725	-0,0578625
0,17255	-0,0578362
0,1726	-0,05781
0,17265	-0,0577825
0,1727	-0,0577562
0,17275	-0,0577325
0,1728	-0,0577088
0,17285	-0,0576888
0,1729	-0,0576712
0,17295	-0,05766
0,173	-0,0576538
0,17305	-0,05765
0,1731	-0,0576462
0,17315	-0,057635
0,1732	-0,0576125
0,17325	-0,0575775
0,1733	-0,0575337
0,17335	-0,057485
0,1734	-0,0574375
0,17345	-0,0573963
0,1735	-0,0573637
0,17355	-0,0573387
0,1736	-0,0573225
0,17365	-0,0573113
0,1737	-0,0573012
0,17375	-0,0572938
0,1738	-0,0572825
0,17385	-0,05727
0,1739	-0,057255
0,17395	-0,0572388
0,174	-0,057225
0,17405	-0,057215
0,1741	-0,0572075
0,17415	-0,0572025
0,1742	-0,0572013
0,17425	-0,057205
0,1743	-0,0572187
0,17435	-0,0572437
0,1744	-0,05728
0,17445	-0,0573225
0,1745	-0,0573637
0,17455	-0,0574038
0,1746	-0,0574363
0,17465	-0,057465
0,1747	-0,05749
0,17475	-0,0575138
0,1748	-0,0575375
0,17485	-0,0575612
0,1749	-0,0575812
0,17495	-0,0576
0,175	-0,0576162
0,17505	-0,057635
0,1751	-0,0576575
0,17515	-0,0576813
0,1752	-0,0577037
0,17525	-0,0577237
0,1753	-0,0577388
0,17535	-0,0577487
0,1754	-0,0577537
0,17545	-0,057755
0,1755	-0,0577537
0,17555	-0,0577475
0,1756	-0,0577363
0,17565	-0,0577212
0,1757	-0,0577063
0,17575	-0,0576875
0,1758	-0,0576675
0,17585	-0,0576437
0,1759	-0,0576125
0,17595	-0,0575713
0,176	-0,0575225
0,17605	-0,0574638
0,1761	-0,0573988
0,17615	-0,0573337
0,1762	-0,0572762
0,17625	-0,0572375
0,1763	-0,05722
0,17635	-0,0572237
0,1764	-0,0572537
0,17645	-0,0573012
0,1765	-0,0573562
0,17655	-0,0574137
0,1766	-0,0574725
0,17665	-0,0575275
0,1767	-0,0575787
0,17675	-0,0576175
0,1768	-0,0576425
0,17685	-0,0576538
0,1769	-0,0576538
0,17695	-0,0576462
0,177	-0,0576362
0,17705	-0,05763
0,1771	-0,0576325
0,17715	-0,0576425
0,1772	-0,0576588
0,17725	-0,0576788
0,1773	-0,0576962
0,17735	-0,0577088
0,1774	-0,057715
0,17745	-0,057715
0,1775	-0,05771
0,17755	-0,0577
0,1776	-0,0576875
0,17765	-0,0576737
0,1777	-0,0576563
0,17775	-0,0576313
0,1778	-0,0575963
0,17785	-0,0575475
0,1779	-0,0574913
0,17795	-0,0574288
0,178	-0,0573662
0,17805	-0,0573037
0,1781	-0,05724
0,17815	-0,0571788
0,1782	-0,0571238
0,17825	-0,0570787
0,1783	-0,0570475
0,17835	-0,0570287
0,1784	-0,0570212
0,17845	-0,05702
0,1785	-0,05702
0,17855	-0,05702
0,1786	-0,0570187
0,17865	-0,0570125
0,1787	-0,057
0,17875	-0,0569838
0,1788	-0,0569612
0,17885	-0,05694
0,1789	-0,05692
0,17895	-0,0569037
0,179	-0,0568925
0,17905	-0,056885
0,1791	-0,05688
0,17915	-0,0568762
0,1792	-0,056875
0,17925	-0,0568762
0,1793	-0,0568812
0,17935	-0,0568925
0,1794	-0,0569087
0,17945	-0,056925
0,1795	-0,0569337
0,17955	-0,0569337
0,1796	-0,0569288
0,17965	-0,0569175
0,1797	-0,056905
0,17975	-0,0568938
0,1798	-0,0568837
0,17985	-0,056875
0,1799	-0,0568625
0,17995	-0,0568487
0,18	-0,0568287
0,18005	-0,0568038
0,1801	-0,0567775
0,18015	-0,0567525
0,1802	-0,056735
0,18025	-0,056725
0,1803	-0,0567238
0,18035	-0,0567238
0,1804	-0,056725
0,18045	-0,0567238
0,1805	-0,0567188
0,18055	-0,0567137
0,1806	-0,0567112
0,18065	-0,0567137
0,1807	-0,0567263
0,18075	-0,05675
0,1808	-0,0567825
0,18085	-0,0568225
0,1809	-0,0568613
0,18095	-0,056895
0,181	-0,05692
0,18105	-0,0569362
0,1811	-0,0569475
0,18115	-0,0569575
0,1812	-0,0569687
0,18125	-0,0569825
0,1813	-0,0569987
0,18135	-0,0570175
0,1814	-0,057035
0,18145	-0,0570525
0,1815	-0,057075
0,18155	-0,0571062
0,1816	-0,0571513
0,18165	-0,0572088
0,1817	-0,057275
0,18175	-0,0573387
0,1818	-0,0573937
0,18185	-0,0574325
0,1819	-0,0574525
0,18195	-0,0574563
0,182	-0,05745
0,18205	-0,0574363
0,1821	-0,0574175
0,18215	-0,0573937
0,1822	-0,0573575
0,18225	-0,0573075
0,1823	-0,05724
0,18235	-0,0571562
0,1824	-0,0570625
0,18245	-0,0569687
0,1825	-0,0568812
0,18255	-0,0568075
0,1826	-0,0567513
0,18265	-0,0567137
0,1827	-0,0566938
0,18275	-0,056685
0,1828	-0,0566812
0,18285	-0,0566787
0,1829	-0,0566738
0,18295	-0,0566587
0,183	-0,0566375
0,18305	-0,0566125
0,1831	-0,0565913
0,18315	-0,0565725
0,1832	-0,0565575
0,18325	-0,056545
0,1833	-0,0565338
0,18335	-0,0565263
0,1834	-0,05652
0,18345	-0,05652
0,1835	-0,0565213
0,18355	-0,0565275
0,1836	-0,0565338
0,18365	-0,0565375
0,1837	-0,0565362
0,18375	-0,05653
0,1838	-0,0565213
0,18385	-0,056515
0,1839	-0,0565125
0,18395	-0,0565112
0,184	-0,05651
0,18405	-0,0565063
0,1841	-0,0565
0,18415	-0,0564938
0,1842	-0,05649
0,18425	-0,0564912
0,1843	-0,0565025
0,18435	-0,05652
0,1844	-0,0565362
0,18445	-0,0565462
0,1845	-0,0565475
0,18455	-0,0565375
0,1846	-0,0565213
0,18465	-0,0565
0,1847	-0,0564787
0,18475	-0,05646
0,1848	-0,0564438
0,18485	-0,05643
0,1849	-0,0564163
0,18495	-0,0564037
0,185	-0,0563925
0,18505	-0,0563862
0,1851	-0,0563812
0,18515	-0,0563788
0,1852	-0,0563762
0,18525	-0,0563725
0,1853	-0,05637
0,18535	-0,05637
0,1854	-0,056375
0,18545	-0,0563925
0,1855	-0,0564237
0,18555	-0,0564675
0,1856	-0,0565175
0,18565	-0,0565662
0,1857	-0,0566088
0,18575	-0,0566388
0,1858	-0,056655
0,18585	-0,0566587
0,1859	-0,0566562
0,18595	-0,0566475
0,186	-0,0566375
0,18605	-0,05663
0,1861	-0,0566275
0,18615	-0,0566262
0,1862	-0,0566262
0,18625	-0,056625
0,1863	-0,0566212
0,18635	-0,0566113
0,1864	-0,0565962
0,18645	-0,0565775
0,1865	-0,0565625
0,18655	-0,05655
0,1866	-0,0565425
0,18665	-0,056535
0,1867	-0,0565225
0,18675	-0,0564988
0,1868	-0,0564575
0,18685	-0,0564025
0,1869	-0,0563363
0,18695	-0,0562688
0,187	-0,0562075
0,18705	-0,0561538
0,1871	-0,0561088
0,18715	-0,0560687
0,1872	-0,0560337
0,18725	-0,0560037
0,1873	-0,0559788
0,18735	-0,0559537
0,1874	-0,0559262
0,18745	-0,0558963
0,1875	-0,0558612
0,18755	-0,0558275
0,1876	-0,0557963
0,18765	-0,0557725
0,1877	-0,0557562
0,18775	-0,0557438
0,1878	-0,0557375
0,18785	-0,055735
0,1879	-0,0557337
0,18795	-0,0557337
0,188	-0,055735
0,18805	-0,0557363
0,1881	-0,0557363
0,18815	-0,0557363
0,1882	-0,0557375
0,18825	-0,0557425
0,1883	-0,055755
0,18835	-0,0557775
0,1884	-0,0558087
0,18845	-0,055845
0,1885	-0,05588
0,18855	-0,0559075
0,1886	-0,0559212
0,18865	-0,055925
0,1887	-0,0559212
0,18875	-0,055905
0,1888	-0,0558825
0,18885	-0,0558612
0,1889	-0,055845
0,18895	-0,0558337
0,189	-0,0558263
0,18905	-0,05582
0,1891	-0,0558138
0,18915	-0,0558
0,1892	-0,0557775
0,18925	-0,0557438
0,1893	-0,055705
0,18935	-0,055665
0,1894	-0,0556337
0,18945	-0,0556175
0,1895	-0,0556163
0,18955	-0,05563
0,1896	-0,0556612
0,18965	-0,0557012
0,1897	-0,0557438
0,18975	-0,0557813
0,1898	-0,05581
0,18985	-0,0558337
0,1899	-0,0558563
0,18995	-0,0558875
0,19	-0,0559325
0,19005	-0,055995
0,1901	-0,0560675
0,19015	-0,0561412
0,1902	-0,0562012
0,19025	-0,056245
0,1903	-0,0562712
0,19035	-0,0562825
0,1904	-0,056285
0,19045	-0,0562825
0,1905	-0,0562763
0,19055	-0,05627
0,1906	-0,0562688
0,19065	-0,05627
0,1907	-0,05628
0,19075	-0,056295
0,1908	-0,0563137
0,19085	-0,0563325
0,1909	-0,056355
0,19095	-0,05638
0,191	-0,0564113
0,19105	-0,0564525
0,1911	-0,0565013
0,19115	-0,05655
0,1912	-0,0565913
0,19125	-0,0566125
0,1913	-0,0566113
0,19135	-0,0565863
0,1914	-0,0565387
0,19145	-0,0564787
0,1915	-0,0564188
0,19155	-0,056365
0,1916	-0,0563262
0,19165	-0,0563025
0,1917	-0,05629
0,19175	-0,0562887
0,1918	-0,0562913
0,19185	-0,0562987
0,1919	-0,056305
0,19195	-0,0563063
0,192	-0,0563038
0,19205	-0,0562887
0,1921	-0,0562587
0,19215	-0,056215
0,1922	-0,0561663
0,19225	-0,0561162
0,1923	-0,056075
0,19235	-0,0560475
0,1924	-0,0560325
0,19245	-0,0560312
0,1925	-0,0560425
0,19255	-0,0560562
0,1926	-0,056065
0,19265	-0,056065
0,1927	-0,0560538
0,19275	-0,0560263
0,1928	-0,05599
0,19285	-0,0559537
0,1929	-0,05592
0,19295	-0,0558925
0,193	-0,0558712
0,19305	-0,0558538
0,1931	-0,0558425
0,19315	-0,055835
0,1932	-0,0558275
0,19325	-0,0558212
0,1933	-0,0558112
0,19335	-0,0557963
0,1934	-0,0557775
0,19345	-0,0557588
0,1935	-0,0557413
0,19355	-0,0557287
0,1936	-0,0557212
0,19365	-0,0557187
0,1937	-0,0557163
0,19375	-0,0557125
0,1938	-0,0557038
0,19385	-0,0556875
0,1939	-0,0556662
0,19395	-0,0556425
0,194	-0,0556163
0,19405	-0,0555912
0,1941	-0,0555687
0,19415	-0,0555525
0,1942	-0,0555438
0,19425	-0,0555463
0,1943	-0,0555625
0,19435	-0,0555912
0,1944	-0,0556275
0,19445	-0,05567
0,1945	-0,0557163
0,19455	-0,0557662
0,1946	-0,0558225
0,19465	-0,0558838
0,1947	-0,0559462
0,19475	-0,05601
0,1948	-0,05607
0,19485	-0,0561263
0,1949	-0,056175
0,19495	-0,05621
0,195	-0,0562275
0,19505	-0,056225
0,1951	-0,056205
0,19515	-0,0561712
0,1952	-0,056135
0,19525	-0,0561025
0,1953	-0,0560775
0,19535	-0,05606
0,1954	-0,0560488
0,19545	-0,05604
0,1955	-0,0560275
0,19555	-0,0560087
0,1956	-0,0559812
0,19565	-0,05595
0,1957	-0,0559175
0,19575	-0,0558862
0,1958	-0,0558563
0,19585	-0,0558263
0,1959	-0,0557925
0,19595	-0,0557525
0,196	-0,0557025
0,19605	-0,0556425
0,1961	-0,0555762
0,19615	-0,0555113
0,1962	-0,0554513
0,19625	-0,0554013
0,1963	-0,0553612
0,19635	-0,0553325
0,1964	-0,0553125
0,19645	-0,0553
0,1965	-0,0552925
0,19655	-0,05529
0,1966	-0,0552888
0,19665	-0,05529
0,1967	-0,0552913
0,19675	-0,0552913
0,1968	-0,0552913
0,19685	-0,0552925
0,1969	-0,055295
0,19695	-0,0552975
0,197	-0,0552975
0,19705	-0,0552975
0,1971	-0,0552962
0,19715	-0,0552962
0,1972	-0,0553
0,19725	-0,05531
0,1973	-0,0553262
0,19735	-0,0553463
0,1974	-0,0553625
0,19745	-0,0553725
0,1975	-0,055375
0,19755	-0,0553712
0,1976	-0,0553612
0,19765	-0,0553525
0,1977	-0,055345
0,19775	-0,0553438
0,1978	-0,0553438
0,19785	-0,05535
0,1979	-0,0553612
0,19795	-0,0553725
0,198	-0,055385
