0	-0,0622216
0,00005	-0,0621744
0,0001	-0,0623472
0,00015	-0,0622216
0,0002	-0,0621896
0,00025	-0,0621276
0,0003	-0,0621432
0,00035	-0,0622372
0,0004	-0,0621748
0,00045	-0,06219
0,0005	-0,0621112
0,00055	-0,0620328
0,0006	-0,0622524
0,00065	-0,0621276
0,0007	-0,0622368
0,00075	-0,061986
0,0008	-0,0620328
0,00085	-0,0620956
0,0009	-0,0620168
0,00095	-0,0619696
0,001	-0,0618288
0,00105	-0,0619232
0,0011	-0,0619544
0,00115	-0,0619232
0,0012	-0,061908
0,00125	-0,061908
0,0013	-0,0619232
0,00135	-0,061876
0,0014	-0,0619704
0,00145	-0,0619552
0,0015	-0,0618136
0,00155	-0,0618456
0,0016	-0,0619856
0,00165	-0,061892
0,0017	-0,0618296
0,00175	-0,0619072
0,0018	-0,0618912
0,00185	-0,061892
0,0019	-0,0618916
0,00195	-0,061908
0,002	-0,061892
0,00205	-0,0617824
0,0021	-0,0617824
0,00215	-0,0619552
0,0022	-0,0619392
0,00225	-0,0620016
0,0023	-0,0619384
0,00235	-0,0618764
0,0024	-0,0619232
0,00245	-0,0619388
0,0025	-0,0620648
0,00255	-0,0620172
0,0026	-0,0620644
0,00265	-0,0620168
0,0027	-0,0619548
0,00275	-0,062018
0,0028	-0,0619232
0,00285	-0,061924
0,0029	-0,0618452
0,00295	-0,0619236
0,003	-0,0619544
0,00305	-0,0617196
0,0031	-0,0618612
0,00315	-0,061688
0,0032	-0,061782
0,00325	-0,0618924
0,0033	-0,0617668
0,00335	-0,0617668
0,0034	-0,061594
0,00345	-0,0616096
0,0035	-0,061516
0,00355	-0,0615468
0,0036	-0,0615316
0,00365	-0,0614532
0,0037	-0,0614064
0,00375	-0,0614212
0,0038	-0,0614216
0,00385	-0,0613908
0,0039	-0,0613588
0,00395	-0,0614372
0,004	-0,0614368
0,00405	-0,0614372
0,0041	-0,0613904
0,00415	-0,0614212
0,0042	-0,0614684
0,00425	-0,0614848
0,0043	-0,0615
0,00435	-0,0614844
0,0044	-0,0613276
0,00445	-0,0614524
0,0045	-0,0613896
0,00455	-0,0613908
0,0046	-0,061516
0,00465	-0,0613588
0,0047	-0,0614532
0,00475	-0,0614528
0,0048	-0,0614848
0,00485	-0,0614056
0,0049	-0,061454
0,00495	-0,0615156
0,005	-0,0614056
0,00505	-0,0613896
0,0051	-0,0613744
0,00515	-0,061406
0,0052	-0,0613744
0,00525	-0,0614536
0,0053	-0,0614064
0,00535	-0,0613432
0,0054	-0,0613428
0,00545	-0,0613116
0,0055	-0,0613596
0,00555	-0,061218
0,0056	-0,0611704
0,00565	-0,0613432
0,0057	-0,061218
0,00575	-0,0612188
0,0058	-0,0611232
0,00585	-0,0611864
0,0059	-0,0612652
0,00595	-0,0612184
0,006	-0,0612644
0,00605	-0,0610456
0,0061	-0,061108
0,00615	-0,0610768
0,0062	-0,0611084
0,00625	-0,061296
0,0063	-0,0609988
0,00635	-0,061124
0,0064	-0,0610764
0,00645	-0,0610456
0,0065	-0,0610768
0,00655	-0,06092
0,0066	-0,0611548
0,00665	-0,061108
0,0067	-0,061108
0,00675	-0,0612652
0,0068	-0,061014
0,00685	-0,0611712
0,0069	-0,06103
0,00695	-0,0611708
0,007	-0,061202
0,00705	-0,0610764
0,0071	-0,0611712
0,00715	-0,0610612
0,0072	-0,0611076
0,00725	-0,0609516
0,0073	-0,060998
0,00735	-0,0610144
0,0074	-0,0611084
0,00745	-0,0609984
0,0075	-0,0610608
0,00755	-0,0609828
0,0076	-0,060998
0,00765	-0,0609512
0,0077	-0,0609984
0,00775	-0,0609672
0,0078	-0,060998
0,00785	-0,0609672
0,0079	-0,0608412
0,00795	-0,0607472
0,008	-0,0607636
0,00805	-0,0608572
0,0081	-0,060732
0,00815	-0,06081
0,0082	-0,0606848
0,00825	-0,060638
0,0083	-0,060622
0,00835	-0,0605276
0,0084	-0,060732
0,00845	-0,0605752
0,0085	-0,060638
0,00855	-0,060732
0,0086	-0,0606848
0,00865	-0,0606844
0,0087	-0,060544
0,00875	-0,060638
0,0088	-0,0605912
0,00885	-0,0606532
0,0089	-0,0606068
0,00895	-0,0604652
0,009	-0,0606848
0,00905	-0,0606216
0,0091	-0,0605288
0,00915	-0,0606068
0,0092	-0,0603556
0,00925	-0,0606692
0,0093	-0,0604808
0,00935	-0,0606064
0,0094	-0,0605744
0,00945	-0,060434
0,0095	-0,0605592
0,00955	-0,0604804
0,0096	-0,0604492
0,00965	-0,0604964
0,0097	-0,0604812
0,00975	-0,0605436
0,0098	-0,0603712
0,00985	-0,0603084
0,0099	-0,0603084
0,00995	-0,0601672
0,01	-0,0602456
0,01005	-0,060136
0,0101	-0,0601668
0,01015	-0,0600884
0,0102	-0,0601512
0,01025	-0,0602764
0,0103	-0,0601672
0,01035	-0,0602136
0,0104	-0,0602304
0,01045	-0,0602616
0,0105	-0,0603392
0,01055	-0,0604184
0,0106	-0,0603868
0,01065	-0,0603236
0,0107	-0,0602924
0,01075	-0,0603552
0,0108	-0,0602924
0,01085	-0,0602612
0,0109	-0,0602148
0,01095	-0,0602768
0,011	-0,0604492
0,01105	-0,0604652
0,0111	-0,0604492
0,01115	-0,0605284
0,0112	-0,0604968
0,01125	-0,0604964
0,0113	-0,0604656
0,01135	-0,0604812
0,0114	-0,0604184
0,01145	-0,0605592
0,0115	-0,0604344
0,01155	-0,0606376
0,0116	-0,0604968
0,01165	-0,0605128
0,0117	-0,0604652
0,01175	-0,0603868
0,0118	-0,0605596
0,01185	-0,0603244
0,0119	-0,0604032
0,01195	-0,0603868
0,012	-0,0604344
0,01205	-0,0603712
0,0121	-0,06034
0,01215	-0,0603248
0,0122	-0,0602772
0,01225	-0,0602144
0,0123	-0,0603244
0,01235	-0,0601984
0,0124	-0,0602928
0,01245	-0,0602308
0,0125	-0,0601988
0,01255	-0,0601516
0,0126	-0,060026
0,01265	-0,060058
0,0127	-0,06001
0,01275	-0,0600108
0,0128	-0,0599324
0,01285	-0,0599168
0,0129	-0,0598692
0,01295	-0,0599328
0,013	-0,0598852
0,01305	-0,0599004
0,0131	-0,0598692
0,01315	-0,059948
0,0132	-0,0599316
0,01325	-0,0598848
0,0133	-0,0599164
0,01335	-0,0597752
0,0134	-0,0597908
0,01345	-0,0598852
0,0135	-0,0597908
0,01355	-0,0598064
0,0136	-0,0597128
0,01365	-0,0598536
0,0137	-0,0599008
0,01375	-0,0598696
0,0138	-0,0598536
0,01385	-0,0598848
0,0139	-0,0597752
0,01395	-0,0600104
0,014	-0,0597912
0,01405	-0,0598696
0,0141	-0,0597756
0,01415	-0,0597596
0,0142	-0,059822
0,01425	-0,059712
0,0143	-0,0598072
0,01435	-0,0597908
0,0144	-0,0597288
0,01445	-0,0597596
0,0145	-0,0595404
0,01455	-0,0597284
0,0146	-0,0596972
0,01465	-0,0596496
0,0147	-0,0596032
0,01475	-0,0595248
0,0148	-0,0596188
0,01485	-0,059524
0,0149	-0,0595876
0,01495	-0,0596184
0,015	-0,0596496
0,01505	-0,0596656
0,0151	-0,0595084
0,01515	-0,0595248
0,0152	-0,059446
0,01525	-0,05954
0,0153	-0,0596652
0,01535	-0,0594304
0,0154	-0,0595404
0,01545	-0,0594776
0,0155	-0,0594932
0,01555	-0,0595872
0,0156	-0,0595716
0,01565	-0,0596184
0,0157	-0,0596028
0,01575	-0,059572
0,0158	-0,0596968
0,01585	-0,059666
0,0159	-0,0596344
0,01595	-0,0596812
0,016	-0,0596976
0,01605	-0,0597284
0,0161	-0,0598384
0,01615	-0,059728
0,0162	-0,059728
0,01625	-0,05987
0,0163	-0,0596032
0,01635	-0,0596972
0,0164	-0,0596812
0,01645	-0,0596968
0,0165	-0,0596816
0,01655	-0,0596192
0,0166	-0,0597128
0,01665	-0,0595716
0,0167	-0,0596656
0,01675	-0,0596344
0,0168	-0,0596028
0,01685	-0,0594932
0,0169	-0,0593052
0,01695	-0,0594156
0,017	-0,0593672
0,01705	-0,0593992
0,0171	-0,0593836
0,01715	-0,0593052
0,0172	-0,0592892
0,01725	-0,059258
0,0173	-0,0592892
0,01735	-0,0593368
0,0174	-0,0591952
0,01745	-0,0593836
0,0175	-0,0592268
0,01755	-0,0593204
0,0176	-0,0592892
0,01765	-0,0592424
0,0177	-0,0594144
0,01775	-0,059352
0,0178	-0,0592736
0,01785	-0,0592108
0,0179	-0,0593048
0,01795	-0,0593048
0,018	-0,059274
0,01805	-0,0592732
0,0181	-0,0592896
0,01815	-0,0592888
0,0182	-0,0590856
0,01825	-0,0593048
0,0183	-0,0592264
0,01835	-0,059336
0,0184	-0,059352
0,01845	-0,0593208
0,0185	-0,0593988
0,01855	-0,0593836
0,0186	-0,0593204
0,01865	-0,0593524
0,0187	-0,059368
0,01875	-0,0593992
0,0188	-0,0593364
0,01885	-0,0592736
0,0189	-0,0592424
0,01895	-0,059258
0,019	-0,059242
0,01905	-0,059148
0,0191	-0,0592108
0,01915	-0,0591644
0,0192	-0,0592108
0,01925	-0,059258
0,0193	-0,059164
0,01935	-0,0593044
0,0194	-0,0591792
0,01945	-0,059132
0,0195	-0,0592732
0,01955	-0,0591472
0,0196	-0,0593048
0,01965	-0,0592104
0,0197	-0,059164
0,01975	-0,0591948
0,0198	-0,0591956
0,01985	-0,0593524
0,0199	-0,0591636
0,01995	-0,0591016
0,02	-0,0591328
0,02005	-0,0590228
0,0201	-0,0591012
0,02015	-0,0590856
0,0202	-0,0589912
0,02025	-0,0591164
0,0203	-0,0590692
0,02035	-0,0591952
0,0204	-0,0590064
0,02045	-0,059054
0,0205	-0,059054
0,02055	-0,0591324
0,0206	-0,0592268
0,02065	-0,0590856
0,0207	-0,0590228
0,02075	-0,0590696
0,0208	-0,0591164
0,02085	-0,0590852
0,0209	-0,058976
0,02095	-0,0590696
0,021	-0,0589444
0,02105	-0,059054
0,0211	-0,0590384
0,02115	-0,0590384
0,0212	-0,0589756
0,02125	-0,0589596
0,0213	-0,0589128
0,02135	-0,0588812
0,0214	-0,0588508
0,02145	-0,0588668
0,0215	-0,05874
0,02155	-0,0588188
0,0216	-0,0587088
0,02165	-0,058756
0,0217	-0,0587244
0,02175	-0,0587556
0,0218	-0,0586308
0,02185	-0,0585836
0,0219	-0,0586616
0,02195	-0,0586148
0,022	-0,0586468
0,02205	-0,0586304
0,0221	-0,0587092
0,02215	-0,0586776
0,0222	-0,0586624
0,02225	-0,058694
0,0223	-0,0586148
0,02235	-0,0585052
0,0224	-0,0586936
0,02245	-0,0586304
0,0225	-0,0586148
0,02255	-0,0585524
0,0226	-0,0585052
0,02265	-0,0585992
0,0227	-0,0585212
0,02275	-0,058568
0,0228	-0,0586316
0,02285	-0,0586464
0,0229	-0,0587724
0,02295	-0,0587876
0,023	-0,05885
0,02305	-0,058834
0,0231	-0,0587244
0,02315	-0,058678
0,0232	-0,0586148
0,02325	-0,0587248
0,0233	-0,0586468
0,02335	-0,058584
0,0234	-0,0584744
0,02345	-0,0583804
0,0235	-0,0582856
0,02355	-0,0584584
0,0236	-0,0583484
0,02365	-0,0584276
0,0237	-0,0584108
0,02375	-0,0584588
0,0238	-0,0584108
0,02385	-0,058474
0,0239	-0,0583952
0,02395	-0,0583952
0,024	-0,0584424
0,02405	-0,0586308
0,0241	-0,0584428
0,02415	-0,058552
0,0242	-0,0585052
0,02425	-0,0584112
0,0243	-0,058458
0,02435	-0,0583948
0,0244	-0,0584888
0,02445	-0,0584268
0,0245	-0,0583012
0,02455	-0,0583168
0,0246	-0,0582704
0,02465	-0,0583948
0,0247	-0,058348
0,02475	-0,05827
0,0248	-0,0583952
0,02485	-0,0583168
0,0249	-0,058458
0,02495	-0,0583636
0,025	-0,058364
0,02505	-0,058458
0,0251	-0,05838
0,02515	-0,0585368
0,0252	-0,058536
0,02525	-0,0583956
0,0253	-0,058474
0,02535	-0,0583956
0,0254	-0,0585048
0,02545	-0,0585208
0,0255	-0,0584268
0,02555	-0,0584584
0,0256	-0,0583956
0,02565	-0,0584272
0,0257	-0,0584268
0,02575	-0,0584108
0,0258	-0,0584268
0,02585	-0,0584112
0,0259	-0,0583956
0,02595	-0,05838
0,026	-0,058364
0,02605	-0,0583644
0,0261	-0,05838
0,02615	-0,0582228
0,0262	-0,0582692
0,02625	-0,0581604
0,0263	-0,0580984
0,02635	-0,0581292
0,0264	-0,0581448
0,02645	-0,0581756
0,0265	-0,0580352
0,02655	-0,0582072
0,0266	-0,0582072
0,02665	-0,0580972
0,0267	-0,0582696
0,02675	-0,0582232
0,0268	-0,0582232
0,02685	-0,0580816
0,0269	-0,0579564
0,02695	-0,0582704
0,027	-0,0581288
0,02705	-0,0582232
0,0271	-0,0581452
0,02715	-0,0580972
0,0272	-0,0582232
0,02725	-0,0579408
0,0273	-0,0581916
0,02735	-0,0581128
0,0274	-0,0579568
0,02745	-0,0582228
0,0275	-0,0580348
0,02755	-0,0580036
0,0276	-0,0581288
0,02765	-0,0581596
0,0277	-0,0581916
0,02775	-0,0580504
0,0278	-0,0582548
0,02785	-0,0582072
0,0279	-0,058066
0,02795	-0,0582384
0,028	-0,05805
0,02805	-0,0581132
0,0281	-0,0581444
0,02815	-0,0581292
0,0282	-0,0581448
0,02825	-0,0580976
0,0283	-0,0581444
0,02835	-0,0581444
0,0284	-0,0581768
0,02845	-0,0582388
0,0285	-0,058176
0,02855	-0,0583016
0,0286	-0,0583332
0,02865	-0,0582232
0,0287	-0,05827
0,02875	-0,058176
0,0288	-0,058176
0,02885	-0,0582228
0,0289	-0,0579876
0,02895	-0,0580824
0,029	-0,0580036
0,02905	-0,057926
0,0291	-0,058066
0,02915	-0,0579572
0,0292	-0,0579884
0,02925	-0,0579256
0,0293	-0,0578152
0,02935	-0,0579256
0,0294	-0,0578
0,02945	-0,0580196
0,0295	-0,0578316
0,02955	-0,057784
0,0296	-0,0579412
0,02965	-0,0577528
0,0297	-0,0579888
0,02975	-0,0578784
0,0298	-0,0579412
0,02985	-0,0578932
0,0299	-0,0578156
0,02995	-0,0579252
0,03	-0,0577376
0,03005	-0,0579252
0,0301	-0,057878
0,03015	-0,0577684
0,0302	-0,0578156
0,03025	-0,0577528
0,0303	-0,0577524
0,03035	-0,0577996
0,0304	-0,0577368
0,03045	-0,057706
0,0305	-0,0577524
0,03055	-0,057674
0,0306	-0,0577524
0,03065	-0,0576112
0,0307	-0,0576432
0,03075	-0,0575648
0,0308	-0,0575332
0,03085	-0,0577372
0,0309	-0,0574704
0,03095	-0,0575332
0,031	-0,0575332
0,03105	-0,0574236
0,0311	-0,0575176
0,03115	-0,0573924
0,0312	-0,0574236
0,03125	-0,0575648
0,0313	-0,057502
0,03135	-0,0575172
0,0314	-0,0574084
0,03145	-0,0574388
0,0315	-0,0574236
0,03155	-0,0575172
0,0316	-0,0576588
0,03165	-0,057502
0,0317	-0,057596
0,03175	-0,0575964
0,0318	-0,0574864
0,03185	-0,0576432
0,0319	-0,0576116
0,03195	-0,057674
0,032	-0,0577216
0,03205	-0,0577056
0,0321	-0,0578
0,03215	-0,0576744
0,0322	-0,0576116
0,03225	-0,0576116
0,0323	-0,0575956
0,03235	-0,0575956
0,0324	-0,0575644
0,03245	-0,0575488
0,0325	-0,057486
0,03255	-0,0575332
0,0326	-0,0575648
0,03265	-0,0574228
0,0327	-0,0573296
0,03275	-0,0574544
0,0328	-0,0574076
0,03285	-0,0573764
0,0329	-0,057392
0,03295	-0,0572824
0,033	-0,057392
0,03305	-0,057392
0,0331	-0,0575336
0,03315	-0,0575488
0,0332	-0,0574704
0,03325	-0,0575644
0,0333	-0,0574704
0,03335	-0,0575488
0,0334	-0,0575332
0,03345	-0,057486
0,0335	-0,057502
0,03355	-0,0574704
0,0336	-0,0574388
0,03365	-0,0574708
0,0337	-0,0572512
0,03375	-0,0574868
0,0338	-0,0572516
0,03385	-0,057424
0,0339	-0,0574552
0,03395	-0,0572824
0,034	-0,0574392
0,03405	-0,057298
0,0341	-0,0573452
0,03415	-0,057376
0,0342	-0,0572824
0,03425	-0,0574548
0,0343	-0,0573452
0,03435	-0,057424
0,0344	-0,0575332
0,03445	-0,057204
0,0345	-0,057392
0,03455	-0,0573452
0,0346	-0,0573924
0,03465	-0,0573296
0,0347	-0,0573452
0,03475	-0,0573452
0,0348	-0,057298
0,03485	-0,057298
0,0349	-0,0573296
0,03495	-0,0572196
0,035	-0,0574076
0,03505	-0,0572044
0,0351	-0,0573764
0,03515	-0,0573616
0,0352	-0,0572356
0,03525	-0,0572044
0,0353	-0,0572664
0,03535	-0,057126
0,0354	-0,0572044
0,03545	-0,05711
0,0355	-0,0571724
0,03555	-0,0571252
0,0356	-0,0569996
0,03565	-0,0571724
0,0357	-0,0570464
0,03575	-0,0571256
0,0358	-0,0572352
0,03585	-0,0570788
0,0359	-0,0571568
0,03595	-0,057094
0,036	-0,0571408
0,03605	-0,0570312
0,0361	-0,0570312
0,03615	-0,057172
0,0362	-0,0569844
0,03625	-0,0570944
0,0363	-0,057
0,03635	-0,0569532
0,0364	-0,0571096
0,03645	-0,0570312
0,0365	-0,0571568
0,03655	-0,0572348
0,0366	-0,0571412
0,03665	-0,0571256
0,0367	-0,0570316
0,03675	-0,0571408
0,0368	-0,057172
0,03685	-0,0570472
0,0369	-0,0570632
0,03695	-0,0570628
0,037	-0,0569692
0,03705	-0,0570312
0,0371	-0,057016
0,03715	-0,0569996
0,0372	-0,0569064
0,03725	-0,056812
0,0373	-0,0568908
0,03735	-0,0568592
0,0374	-0,056938
0,03745	-0,0568748
0,0375	-0,056906
0,03755	-0,056906
0,0376	-0,0568904
0,03765	-0,0569844
0,0377	-0,0569532
0,03775	-0,0568276
0,0378	-0,0569684
0,03785	-0,0567488
0,0379	-0,056796
0,03795	-0,0568276
0,038	-0,0567648
0,03805	-0,0569064
0,0381	-0,0566708
0,03815	-0,0568592
0,0382	-0,0568592
0,03825	-0,0567176
0,0383	-0,0568908
0,03835	-0,056828
0,0384	-0,056906
0,03845	-0,0568592
0,0385	-0,0567808
0,03855	-0,0569528
0,0386	-0,0568592
0,03865	-0,0568904
0,0387	-0,0569532
0,03875	-0,0569532
0,0388	-0,057
0,03885	-0,0568904
0,0389	-0,0569372
0,03895	-0,0568904
0,039	-0,0568592
0,03905	-0,0568592
0,0391	-0,056702
0,03915	-0,0568592
0,0392	-0,0567968
0,03925	-0,0567808
0,0393	-0,0568904
0,03935	-0,0568436
0,0394	-0,0567964
0,03945	-0,0567652
0,0395	-0,056734
0,03955	-0,0567652
0,0396	-0,0568432
0,03965	-0,0567496
0,0397	-0,0567808
0,03975	-0,056702
0,0398	-0,0566556
0,03985	-0,0567648
0,0399	-0,0565608
0,03995	-0,0566868
0,04	-0,0566864
0,04005	-0,056624
0,0401	-0,0566708
0,04015	-0,0565296
0,0402	-0,0565616
0,04025	-0,056514
0,0403	-0,0566232
0,04035	-0,0565616
0,0404	-0,056436
0,04045	-0,0565612
0,0405	-0,0564828
0,04055	-0,0565452
0,0406	-0,0565768
0,04065	-0,0565764
0,0407	-0,0566396
0,04075	-0,05653
0,0408	-0,0565924
0,04085	-0,05653
0,0409	-0,0565144
0,04095	-0,0565924
0,041	-0,05653
0,04105	-0,056608
0,0411	-0,0566084
0,04115	-0,0565612
0,0412	-0,0564988
0,04125	-0,056326
0,0413	-0,0563888
0,04135	-0,0564828
0,0414	-0,0564512
0,04145	-0,0564828
0,0415	-0,0564044
0,04155	-0,0562948
0,0416	-0,056326
0,04165	-0,0563576
0,0417	-0,0562636
0,04175	-0,0563264
0,0418	-0,056248
0,04185	-0,056232
0,0419	-0,0562796
0,04195	-0,05631
0,042	-0,0563264
0,04205	-0,0561376
0,0421	-0,0563108
0,04215	-0,0561852
0,0422	-0,0561536
0,04225	-0,0563732
0,0423	-0,0562324
0,04235	-0,056138
0,0424	-0,056122
0,04245	-0,0561696
0,0425	-0,0562008
0,04255	-0,0560128
0,0426	-0,0561852
0,04265	-0,0560908
0,0427	-0,0561068
0,04275	-0,056154
0,0428	-0,0559652
0,04285	-0,0561536
0,0429	-0,0559964
0,04295	-0,0561224
0,043	-0,056232
0,04305	-0,0560904
0,0431	-0,0561376
0,04315	-0,056138
0,0432	-0,056216
0,04325	-0,056216
0,0433	-0,0562164
0,04335	-0,0562316
0,0434	-0,056138
0,04345	-0,0561848
0,0435	-0,0561228
0,04355	-0,0560592
0,0436	-0,0560436
0,04365	-0,0560904
0,0437	-0,0560276
0,04375	-0,05595
0,0438	-0,0558244
0,04385	-0,0559492
0,0439	-0,0558244
0,04395	-0,0558552
0,044	-0,0560124
0,04405	-0,055918
0,0441	-0,0558552
0,04415	-0,0559648
0,0442	-0,0558864
0,04425	-0,0558872
0,0443	-0,0558552
0,04435	-0,0559652
0,0444	-0,0559808
0,04445	-0,0557932
0,0445	-0,0559032
0,04455	-0,0557932
0,0446	-0,0558088
0,04465	-0,055824
0,0447	-0,0556992
0,04475	-0,0558404
0,0448	-0,0557924
0,04485	-0,0558244
0,0449	-0,0558556
0,04495	-0,055652
0,045	-0,05584
0,04505	-0,0557772
0,0451	-0,0557616
0,04515	-0,0559188
0,0452	-0,0557148
0,04525	-0,0557928
0,0453	-0,0556672
0,04535	-0,0556836
0,0454	-0,0557612
0,04545	-0,055652
0,0455	-0,0557148
0,04555	-0,0557144
0,0456	-0,0556992
0,04565	-0,05573
0,0457	-0,055558
0,04575	-0,0556672
0,0458	-0,0556364
0,04585	-0,0556988
0,0459	-0,0555892
0,04595	-0,0554168
0,046	-0,055464
0,04605	-0,05537
0,0461	-0,0553224
0,04615	-0,055338
0,0462	-0,0553384
0,04625	-0,05537
0,0463	-0,05526
0,04635	-0,055244
0,0464	-0,055244
0,04645	-0,0552128
0,0465	-0,0551652
0,04655	-0,0553228
0,0466	-0,0551184
0,04665	-0,0552292
0,0467	-0,0551816
0,04675	-0,055228
0,0468	-0,05526
0,04685	-0,055166
0,0469	-0,0551656
0,04695	-0,0550876
0,047	-0,055056
0,04705	-0,05515
0,0471	-0,0550248
0,04715	-0,0550564
0,0472	-0,054978
0,04725	-0,055056
0,0473	-0,0551188
0,04735	-0,0549468
0,0474	-0,0550404
0,04745	-0,0548992
0,0475	-0,055056
0,04755	-0,055166
0,0476	-0,05504
0,04765	-0,0551344
0,0477	-0,055072
0,04775	-0,0550872
0,0478	-0,0550404
0,04785	-0,0549464
0,0479	-0,0550716
0,04795	-0,054962
0,048	-0,0548992
0,04805	-0,0548676
0,0481	-0,0549152
0,04815	-0,054978
0,0482	-0,054774
0,04825	-0,0548988
0,0483	-0,0547268
0,04835	-0,0547112
0,0484	-0,0548052
0,04845	-0,0547112
0,0485	-0,05468
0,04855	-0,0548056
0,0486	-0,0548208
0,04865	-0,0547584
0,0487	-0,0547584
0,04875	-0,0546176
0,0488	-0,0546484
0,04885	-0,0546956
0,0489	-0,0546796
0,04895	-0,0546484
0,049	-0,0545236
0,04905	-0,0545232
0,0491	-0,0544768
0,04915	-0,0546488
0,0492	-0,0545236
0,04925	-0,0544452
0,0493	-0,054476
0,04935	-0,0543504
0,0494	-0,0544448
0,04945	-0,0543512
0,0495	-0,054178
0,04955	-0,0543352
0,0496	-0,0542096
0,04965	-0,0542884
0,0497	-0,0542412
0,04975	-0,054116
0,0498	-0,054272
0,04985	-0,054068
0,0499	-0,0542408
0,04995	-0,054226
0,05	-0,0541788
0,05005	-0,0543664
0,0501	-0,0542564
0,05015	-0,0542412
0,0502	-0,0541784
0,05025	-0,0540684
0,0503	-0,0542408
0,05035	-0,0541472
0,0504	-0,0541316
0,05045	-0,0541316
0,0505	-0,054084
0,05055	-0,0541476
0,0506	-0,0540684
0,05065	-0,0540528
0,0507	-0,0539276
0,05075	-0,0539116
0,0508	-0,053912
0,05085	-0,0538644
0,0509	-0,0538644
0,05095	-0,0538648
0,051	-0,0538176
0,05105	-0,0538176
0,0511	-0,0537388
0,05115	-0,0537548
0,0512	-0,0538488
0,05125	-0,0538648
0,0513	-0,053896
0,05135	-0,0539272
0,0514	-0,0538172
0,05145	-0,053802
0,0515	-0,053724
0,05155	-0,0538496
0,0516	-0,053724
0,05165	-0,05363
0,0517	-0,0537548
0,05175	-0,0537236
0,0518	-0,053818
0,05185	-0,0537076
0,0519	-0,0535984
0,05195	-0,0536448
0,052	-0,053598
0,05205	-0,053692
0,0521	-0,0537084
0,05215	-0,0535664
0,0522	-0,0536456
0,05225	-0,0535984
0,0523	-0,0538024
0,05235	-0,0536924
0,0524	-0,0536292
0,05245	-0,0535828
0,0525	-0,0534568
0,05255	-0,0535512
0,0526	-0,053504
0,05265	-0,0535196
0,0527	-0,053598
0,05275	-0,0534096
0,0528	-0,0535036
0,05285	-0,0535036
0,0529	-0,053316
0,05295	-0,0535036
0,053	-0,0533944
0,05305	-0,0534412
0,0531	-0,0533784
0,05315	-0,053206
0,0532	-0,053316
0,05325	-0,0530804
0,0533	-0,0530964
0,05335	-0,052956
0,0534	-0,0528924
0,05345	-0,053034
0,0535	-0,0528144
0,05355	-0,052736
0,0536	-0,0527668
0,05365	-0,0526732
0,0537	-0,0527516
0,05375	-0,0526264
0,0538	-0,0526104
0,05385	-0,0526108
0,0539	-0,0525792
0,05395	-0,0527828
0,054	-0,0525948
0,05405	-0,0525468
0,0541	-0,0525012
0,05415	-0,0525
0,0542	-0,0525944
0,05425	-0,052532
0,0543	-0,052438
0,05435	-0,0523752
0,0544	-0,0524376
0,05445	-0,052438
0,0545	-0,0523436
0,05455	-0,0522972
0,0546	-0,0523128
0,05465	-0,0522496
0,0547	-0,0524536
0,05475	-0,052312
0,0548	-0,0522184
0,05485	-0,0521088
0,0549	-0,0521404
0,05495	-0,0522188
0,055	-0,052234
0,05505	-0,0520932
0,0551	-0,0520936
0,05515	-0,0519352
0,0552	-0,0520144
0,05525	-0,0519364
0,0553	-0,051858
0,05535	-0,051748
0,0554	-0,051654
0,05545	-0,0516696
0,0555	-0,051748
0,05555	-0,05156
0,0556	-0,0517168
0,05565	-0,0516076
0,0557	-0,0515592
0,05575	-0,0516232
0,0558	-0,0516072
0,05585	-0,0516544
0,0559	-0,0515132
0,05595	-0,0515288
0,056	-0,051482
0,05605	-0,0513252
0,0561	-0,05145
0,05615	-0,0512308
0,0562	-0,0512468
0,05625	-0,051184
0,0563	-0,0511524
0,05635	-0,0513096
0,0564	-0,0511524
0,05645	-0,051152
0,0565	-0,0511056
0,05655	-0,051058
0,0566	-0,0511996
0,05665	-0,0510896
0,0567	-0,0510428
0,05675	-0,0510116
0,0568	-0,0509328
0,05685	-0,051026
0,0569	-0,05098
0,05695	-0,0509324
0,057	-0,0507132
0,05705	-0,0507132
0,0571	-0,0508232
0,05715	-0,0506664
0,0572	-0,0505404
0,05725	-0,0505724
0,0573	-0,0503836
0,05735	-0,0506036
0,0574	-0,0503992
0,05745	-0,0503528
0,0575	-0,0503052
0,05755	-0,0502432
0,0576	-0,0503836
0,05765	-0,0502432
0,0577	-0,05018
0,05775	-0,0502432
0,0578	-0,0500396
0,05785	-0,0499612
0,0579	-0,049914
0,05795	-0,0497728
0,058	-0,0498196
0,05805	-0,0496316
0,0581	-0,0495224
0,05815	-0,0494756
0,0582	-0,0492704
0,05825	-0,0493184
0,0583	-0,0491456
0,05835	-0,0490048
0,0584	-0,0490356
0,05845	-0,0488632
0,0585	-0,0488944
0,05855	-0,048754
0,0586	-0,0486124
0,05865	-0,0485028
0,0587	-0,0484092
0,05875	-0,0484716
0,0588	-0,048252
0,05885	-0,0481732
0,0589	-0,0480168
0,05895	-0,0480008
0,059	-0,047954
0,05905	-0,04775
0,0591	-0,047546
0,05915	-0,0475
0,0592	-0,0474528
0,05925	-0,0473584
0,0593	-0,0472328
0,05935	-0,0470288
0,0594	-0,0467788
0,05945	-0,0466216
0,0595	-0,046464
0,05955	-0,046214
0,0596	-0,0459152
0,05965	-0,0457748
0,0597	-0,0454604
0,05975	-0,0451468
0,0598	-0,0449284
0,05985	-0,0444572
0,0599	-0,044348
0,05995	-0,0439092
0,06	-0,0434068
0,06005	-0,0429056
0,0601	-0,0423412
0,06015	-0,0418704
0,0602	-0,0412744
0,06025	-0,0406324
0,0603	-0,0398644
0,06035	-0,0390644
0,0604	-0,0384372
0,06045	-0,037434
0,0605	-0,0365244
0,06055	-0,035678
0,0606	-0,0347372
0,06065	-0,0339528
0,0607	-0,0329028
0,06075	-0,0319612
0,0608	-0,0309276
0,06085	-0,0295952
0,0609	-0,02845
0,06095	-0,0272112
0,061	-0,0258476
0,06105	-0,0243896
0,0611	-0,0226176
0,06115	-0,021066
0,0612	-0,0190428
0,06125	-0,0171312
0,0613	-0,015312
0,06135	-0,0133832
0,0614	-0,0115648
0,06145	-0,0097612
0,0615	-0,007896
0,06155	-0,0062652
0,0616	-0,00462
0,06165	-0,003302
0,0617	-0,0020792
0,06175	-0,0008252
0,0618	0,0002096
0,06185	0,0012912
0,0619	0,0021072
0,06195	0,003016
0,062	0,003722
0,06205	0,0045052
0,0621	0,0051012
0,06215	0,0057756
0,0622	0,0062768
0,06225	0,0067948
0,0623	0,0073592
0,06235	0,0078604
0,0624	0,008316
0,06245	0,008754
0,0625	0,0091312
0,06255	0,0095536
0,0626	0,009946
0,06265	0,0103848
0,0627	0,01073
0,06275	0,0109808
0,0628	0,0111848
0,06285	0,0115136
0,0629	0,011812
0,06295	0,0119996
0,063	0,0122828
0,06305	0,0124076
0,0631	0,0126592
0,06315	0,0128148
0,0632	0,0130496
0,06325	0,01327
0,0633	0,0133484
0,06335	0,0134892
0,0634	0,0137248
0,06345	0,0138184
0,0635	0,0140228
0,06355	0,014054
0,0636	0,014258
0,06365	0,0142884
0,0637	0,0143832
0,06375	0,0144612
0,0638	0,0143672
0,06385	0,01443
0,0639	0,0146808
0,06395	0,0145868
0,064	0,0147272
0,06405	0,0146964
0,0641	0,0146648
0,06415	0,0146964
0,0642	0,0146492
0,06425	0,0148064
0,0643	0,0149004
0,06435	0,0149476
0,0644	0,0149944
0,06445	0,0149632
0,0645	0,0149944
0,06455	0,0150416
0,0646	0,0150096
0,06465	0,01512
0,0647	0,014916
0,06475	0,0149312
0,0648	0,0149788
0,06485	0,0149316
0,0649	0,0149632
0,06495	0,0148844
0,065	0,0149788
0,06505	0,0148528
0,0651	0,0149156
0,06515	0,0149628
0,0652	0,0148068
0,06525	0,014822
0,0653	0,014728
0,06535	0,0147904
0,0654	0,014838
0,06545	0,0146176
0,0655	0,0146812
0,06555	0,0145864
0,0656	0,0146184
0,06565	0,0146028
0,0657	0,0145864
0,06575	0,0144456
0,0658	0,014446
0,06585	0,0143676
0,0659	0,0143676
0,06595	0,014336
0,066	0,0142572
0,06605	0,0141952
0,0661	0,014164
0,06615	0,0140696
0,0662	0,0141
0,06625	0,0141008
0,0663	0,0141324
0,06635	0,0139908
0,0664	0,014054
0,06645	0,013928
0,0665	0,013944
0,06655	0,0139128
0,0666	0,0137396
0,06665	0,0138188
0,0667	0,0137244
0,06675	0,0137244
0,0668	0,0136768
0,06685	0,0136932
0,0669	0,0137088
0,06695	0,0136776
0,067	0,013552
0,06705	0,0135832
0,0671	0,0135208
0,06715	0,0135368
0,0672	0,0135048
0,06725	0,0134736
0,0673	0,0134272
0,06735	0,0133488
0,0674	0,0133792
0,06745	0,013302
0,0675	0,0131916
0,06755	0,0132704
0,0676	0,0130972
0,06765	0,0131444
0,0677	0,0130348
0,06775	0,0130188
0,0678	0,0129252
0,06785	0,0128776
0,0679	0,0128624
0,06795	0,0127208
0,068	0,012752
0,06805	0,0126896
0,0681	0,012596
0,06815	0,0125176
0,0682	0,0124076
0,06825	0,012298
0,0683	0,0123604
0,06835	0,0121412
0,0684	0,0122192
0,06845	0,0120472
0,0685	0,0119992
0,06855	0,0119844
0,0686	0,0119528
0,06865	0,0119536
0,0687	0,0118276
0,06875	0,0117488
0,0688	0,0117808
0,06885	0,0117648
0,0689	0,0117644
0,06895	0,0116076
0,069	0,0115768
0,06905	0,0115608
0,0691	0,0115612
0,06915	0,0114984
0,0692	0,0113732
0,06925	0,0113568
0,0693	0,0114036
0,06935	0,0112792
0,0694	0,0111996
0,06945	0,0112308
0,0695	0,0110432
0,06955	0,011122
0,0696	0,0110752
0,06965	0,0111216
0,0697	0,010918
0,06975	0,010824
0,0698	0,0108868
0,06985	0,0106988
0,0699	0,0106824
0,06995	0,0106348
0,07	0,0105408
0,07005	0,0106356
0,0701	0,0104788
0,07015	0,010448
0,0702	0,0103852
0,07025	0,0101496
0,0703	0,0102284
0,07035	0,010134
0,0704	0,0100092
0,07045	0,0100088
0,0705	0,0098208
0,07055	0,0097732
0,0706	0,0097268
0,07065	0,0096476
0,0707	0,009758
0,07075	0,0096636
0,0708	0,0096324
0,07085	0,0096172
0,0709	0,0095224
0,07095	0,0095076
0,071	0,0093344
0,07105	0,0092876
0,0711	0,0093184
0,07115	0,0092556
0,0712	0,0091928
0,07125	0,009256
0,0713	0,0090988
0,07135	0,0090672
0,0714	0,009036
0,07145	0,0090048
0,0715	0,008942
0,07155	0,0088636
0,0716	0,008864
0,07165	0,0088324
0,0717	0,0087228
0,07175	0,0085972
0,0718	0,0086756
0,07185	0,0086288
0,0719	0,0085036
0,07195	0,0085036
0,072	0,0083308
0,07205	0,0083624
0,0721	0,008378
0,07215	0,00819
0,0722	0,0082996
0,07225	0,0081272
0,0723	0,0081432
0,07235	0,00808
0,0724	0,0079864
0,07245	0,0079704
0,0725	0,0077508
0,07255	0,0078764
0,0726	0,0076248
0,07265	0,0074684
0,0727	0,0074528
0,07275	0,0073116
0,0728	0,0073272
0,07285	0,0073272
0,0729	0,0072336
0,07295	0,0071704
0,073	0,0070924
0,07305	0,0070288
0,0731	0,00692
0,07315	0,0068884
0,0732	0,007014
0,07325	0,0067948
0,0733	0,0069516
0,07335	0,0067472
0,0734	0,0067636
0,07345	0,0065904
0,0735	0,0066692
0,07355	0,006528
0,0736	0,0065912
0,07365	0,0064496
0,0737	0,0062776
0,07375	0,0064028
0,0738	0,0062144
0,07385	0,0062612
0,0739	0,0061988
0,07395	0,0060888
0,074	0,0060104
0,07405	0,0058532
0,0741	0,0059628
0,07415	0,0059004
0,0742	0,00587
0,07425	0,0059164
0,0743	0,0057912
0,07435	0,005932
0,0744	0,0057916
0,07445	0,0059008
0,0745	0,0057756
0,07455	0,005698
0,0746	0,0057444
0,07465	0,005462
0,0747	0,005384
0,07475	0,0052112
0,0748	0,0051796
0,07485	0,0052576
0,0749	0,0051636
0,07495	0,0052108
0,075	0,005038
0,07505	0,0048816
0,0751	0,0048972
0,07515	0,0047408
0,0752	0,0046624
0,07525	0,0046468
0,0753	0,0045048
0,07535	0,004756
0,0754	0,0046784
0,07545	0,004584
0,0755	0,004568
0,07555	0,004568
0,0756	0,0045992
0,07565	0,004474
0,0757	0,0044116
0,07575	0,004192
0,0758	0,0041296
0,07585	0,004098
0,0759	0,00416
0,07595	0,004066
0,076	0,0039564
0,07605	0,0039724
0,0761	0,0039096
0,07615	0,0038776
0,0762	0,003894
0,07625	0,0038312
0,0763	0,0037684
0,07635	0,0036744
0,0764	0,0037996
0,07645	0,0035808
0,0765	0,0035652
0,07655	0,003392
0,0766	0,0033292
0,07665	0,0033296
0,0767	0,003188
0,07675	0,003282
0,0768	0,003016
0,07685	0,003078
0,0769	0,003094
0,07695	0,002906
0,077	0,0030156
0,07705	0,0028744
0,0771	0,0027812
0,07715	0,0028436
0,0772	0,0026864
0,07725	0,0026556
0,0773	0,0024676
0,07735	0,0025452
0,0774	0,0023728
0,07745	0,0023108
0,0775	0,0022636
0,07755	0,0021232
0,0776	0,0020448
0,07765	0,0018712
0,0777	0,0019032
0,07775	0,001918
0,0778	0,0017772
0,07785	0,0018712
0,0779	0,0016368
0,07795	0,0016676
0,078	0,00173
0,07805	0,0015736
0,0781	0,0016364
0,07815	0,0014636
0,0782	0,0014324
0,07825	0,0013068
0,0783	0,0013224
0,07835	0,001166
0,0784	0,0010564
0,07845	0,0010252
0,0785	0,0009932
0,07855	0,0008992
0,0786	0,0008368
0,07865	0,0009624
0,0787	0,000868
0,07875	0,0007424
0,0788	0,0007108
0,07885	0,0006172
0,0789	0,0007112
0,07895	0,000476
0,079	0,0005388
0,07905	0,0004448
0,0791	0,0003504
0,07915	0,000492
0,0792	0,0003352
0,07925	0,0003348
0,0793	0,0003508
0,07935	0,0002724
0,0794	0,0002256
0,07945	0,0001476
0,0795	0,0001628
0,07955	-0,000166
0,0796	-0,0001036
0,07965	-0,000088
0,0797	-0,0002136
0,07975	-0,0001824
0,0798	-0,0002448
0,07985	-0,0002612
0,0799	-0,0001664
0,07995	-0,0002768
0,08	-0,0003076
0,08005	-0,0004488
0,0801	-0,0005272
0,08015	-0,0005264
0,0802	-0,0004796
0,08025	-0,0006052
0,0803	-0,0007152
0,08035	-0,0007468
0,0804	-0,0007936
0,08045	-0,0008256
0,0805	-0,0009348
0,08055	-0,0010604
0,0806	-0,001092
0,08065	-0,0010756
0,0807	-0,0012168
0,08075	-0,00117
0,0808	-0,0011548
0,08085	-0,0012008
0,0809	-0,0010916
0,08095	-0,0012484
0,081	-0,001342
0,08105	-0,001358
0,0811	-0,001468
0,08115	-0,0014524
0,0812	-0,0015616
0,08125	-0,0016568
0,0813	-0,0016408
0,08135	-0,001734
0,0814	-0,0016404
0,08145	-0,0018288
0,0815	-0,0018284
0,08155	-0,0018604
0,0816	-0,002048
0,08165	-0,0020636
0,0817	-0,0022832
0,08175	-0,0022832
0,0818	-0,0024244
0,08185	-0,0024088
0,0819	-0,0024396
0,08195	-0,0025808
0,082	-0,0026592
0,08205	-0,0027224
0,0821	-0,002722
0,08215	-0,0026744
0,0822	-0,0028004
0,08225	-0,0029256
0,0823	-0,0028944
0,08235	-0,0028004
0,0824	-0,0029884
0,08245	-0,0029736
0,0825	-0,0031768
0,08255	-0,0031136
0,0826	-0,0031144
0,08265	-0,0032556
0,0827	-0,0032084
0,08275	-0,0034428
0,0828	-0,0033964
0,08285	-0,0034592
0,0829	-0,0035372
0,08295	-0,0036312
0,083	-0,00382
0,08305	-0,0038196
0,0831	-0,003914
0,08315	-0,0038984
0,0832	-0,0038352
0,08325	-0,0039764
0,0833	-0,0039612
0,08335	-0,0041652
0,0834	-0,0041804
0,08345	-0,0042268
0,0835	-0,0042428
0,08355	-0,004118
0,0836	-0,0042428
0,08365	-0,0043524
0,0837	-0,0044472
0,08375	-0,0044624
0,0838	-0,0045096
0,08385	-0,004666
0,0839	-0,0046348
0,08395	-0,0047448
0,084	-0,0047764
0,08405	-0,004902
0,0841	-0,0050432
0,08415	-0,0050428
0,0842	-0,0051216
0,08425	-0,0051372
0,0843	-0,0052152
0,08435	-0,005388
0,0844	-0,0052936
0,08445	-0,0053876
0,0845	-0,005356
0,08455	-0,0054976
0,0846	-0,0057172
0,08465	-0,005732
0,0847	-0,0055916
0,08475	-0,0056852
0,0848	-0,0058892
0,08485	-0,0058108
0,0849	-0,0059672
0,08495	-0,0059836
0,085	-0,00614
0,08505	-0,0062024
0,0851	-0,0062024
0,08515	-0,0064216
0,0852	-0,0062808
0,08525	-0,0063432
0,0853	-0,0065004
0,08535	-0,0064692
0,0854	-0,0065788
0,08545	-0,0065792
0,0855	-0,0066888
0,08555	-0,0067356
0,0856	-0,0068296
0,08565	-0,0070024
0,0857	-0,00694
0,08575	-0,0071592
0,0858	-0,0071432
0,08585	-0,0073156
0,0859	-0,0071908
0,08595	-0,0073476
0,086	-0,0073628
0,08605	-0,0074412
0,0861	-0,0075196
0,08615	-0,007614
0,0862	-0,0076136
0,08625	-0,0077392
0,0863	-0,007786
0,08635	-0,0078488
0,0864	-0,0079896
0,08645	-0,0081148
0,0865	-0,0081776
0,08655	-0,0082564
0,0866	-0,0083352
0,08665	-0,0082252
0,0867	-0,0083976
0,08675	-0,0083976
0,0868	-0,0085228
0,08685	-0,0085704
0,0869	-0,0085076
0,08695	-0,0086484
0,087	-0,0086952
0,08705	-0,0087892
0,0871	-0,0088052
0,08715	-0,0088052
0,0872	-0,008962
0,08725	-0,0090412
0,0873	-0,009166
0,08735	-0,0091816
0,0874	-0,009276
0,08745	-0,0094792
0,0875	-0,009558
0,08755	-0,0096988
0,0876	-0,0096992
0,08765	-0,0097612
0,0877	-0,0098092
0,08775	-0,009746
0,0878	-0,010012
0,08785	-0,0099964
0,0879	-0,0099812
0,08795	-0,0100596
0,088	-0,010216
0,08805	-0,010358
0,0881	-0,0102796
0,08815	-0,0104828
0,0882	-0,0104836
0,08825	-0,0107184
0,0883	-0,0107028
0,08835	-0,010844
0,0884	-0,0108592
0,08845	-0,0110004
0,0885	-0,0109848
0,08855	-0,0111732
0,0886	-0,01133
0,08865	-0,0114708
0,0887	-0,0114236
0,08875	-0,0115492
0,0888	-0,0115964
0,08885	-0,0116272
0,0889	-0,0118152
0,08895	-0,0118944
0,089	-0,0119092
0,08905	-0,0119572
0,0891	-0,0121292
0,08915	-0,0122076
0,0892	-0,012302
0,08925	-0,0121608
0,0893	-0,0123332
0,08935	-0,012412
0,0894	-0,0124588
0,08945	-0,0126628
0,0895	-0,0126152
0,08955	-0,012882
0,0896	-0,01296
0,08965	-0,0130388
0,0897	-0,0131484
0,08975	-0,0130704
0,0898	-0,013258
0,08985	-0,0133208
0,0899	-0,013478
0,08995	-0,01354
0,09	-0,01354
0,09005	-0,0136656
0,0901	-0,0137444
0,09015	-0,0138696
0,0902	-0,0139796
0,09025	-0,014042
0,0903	-0,0141676
0,09035	-0,0141988
0,0904	-0,0143248
0,09045	-0,014434
0,0905	-0,014434
0,09055	-0,0146208
0,0906	-0,0146212
0,09065	-0,0148096
0,0907	-0,014826
0,09075	-0,014998
0,0908	-0,0149508
0,09085	-0,0152024
0,0909	-0,0152024
0,09095	-0,0153588
0,091	-0,015516
0,09105	-0,0157196
0,0911	-0,0156564
0,09115	-0,0156256
0,0912	-0,0157036
0,09125	-0,0157976
0,0913	-0,0159544
0,09135	-0,0162052
0,0914	-0,0161116
0,09145	-0,0161268
0,0915	-0,0162216
0,09155	-0,0163316
0,0916	-0,0164096
0,09165	-0,0163784
0,0917	-0,0165036
0,09175	-0,0166916
0,0918	-0,0168012
0,09185	-0,0168956
0,0919	-0,0168488
0,09195	-0,017068
0,092	-0,0172088
0,09205	-0,0172716
0,0921	-0,0174128
0,09215	-0,0173972
0,0922	-0,0174436
0,09225	-0,0175692
0,0923	-0,0176012
0,09235	-0,0178364
0,0924	-0,0177728
0,09245	-0,0178832
0,0925	-0,0179768
0,09255	-0,0180244
0,0926	-0,0183068
0,09265	-0,018228
0,0927	-0,018432
0,09275	-0,018652
0,0928	-0,0186668
0,09285	-0,0189488
0,0929	-0,0188396
0,09295	-0,0190592
0,093	-0,0190436
0,09305	-0,0192156
0,0931	-0,0194196
0,09315	-0,0194668
0,0932	-0,0197648
0,09325	-0,0198272
0,0933	-0,019922
0,09335	-0,0199844
0,0934	-0,0200156
0,09345	-0,0201884
0,0935	-0,0202664
0,09355	-0,0203924
0,0936	-0,0204856
0,09365	-0,02058
0,0937	-0,0206584
0,09375	-0,0208308
0,0938	-0,0207836
0,09385	-0,0208776
0,0939	-0,0210812
0,09395	-0,0213008
0,094	-0,0213164
0,09405	-0,0213944
0,0941	-0,0214108
0,09415	-0,0215368
0,0942	-0,0216616
0,09425	-0,0218496
0,0943	-0,0219908
0,09435	-0,0220068
0,0944	-0,0222412
0,09445	-0,02221
0,0945	-0,0224452
0,09455	-0,0225244
0,0946	-0,0226492
0,09465	-0,0227752
0,0947	-0,0229164
0,09475	-0,0231036
0,0948	-0,0230576
0,09485	-0,0231824
0,0949	-0,0233232
0,09495	-0,0233388
0,095	-0,023574
0,09505	-0,0235272
0,0951	-0,0236064
0,09515	-0,0237932
0,0952	-0,0238724
0,09525	-0,023982
0,0953	-0,024044
0,09535	-0,0241544
0,0954	-0,0243104
0,09545	-0,024406
0,0955	-0,0246088
0,09555	-0,0246876
0,0956	-0,02486
0,09565	-0,025032
0,0957	-0,0251896
0,09575	-0,0254084
0,0958	-0,0254244
0,09585	-0,0255968
0,0959	-0,02555
0,09595	-0,02555
0,096	-0,025722
0,09605	-0,025754
0,0961	-0,0259104
0,09615	-0,0259732
0,0962	-0,0259888
0,09625	-0,0261608
0,0963	-0,0261456
0,09635	-0,0264596
0,0964	-0,0264748
0,09645	-0,0264124
0,0965	-0,0265536
0,09655	-0,026836
0,0966	-0,027086
0,09665	-0,0271168
0,0967	-0,0271176
0,09675	-0,0271332
0,0968	-0,0272592
0,09685	-0,0275096
0,0969	-0,0275256
0,09695	-0,0276036
0,097	-0,0276512
0,09705	-0,0278704
0,0971	-0,0280428
0,09715	-0,0280744
0,0972	-0,0282308
0,09725	-0,0282156
0,0973	-0,0284972
0,09735	-0,0286544
0,0974	-0,0288736
0,09745	-0,0287796
0,0975	-0,0289996
0,09755	-0,0290932
0,0976	-0,029344
0,09765	-0,029564
0,0977	-0,0294856
0,09775	-0,0295788
0,0978	-0,0298144
0,09785	-0,0299244
0,0979	-0,0300652
0,09795	-0,0299556
0,098	-0,030128
0,09805	-0,0302224
0,0981	-0,0303008
0,09815	-0,0305196
0,0982	-0,0304728
0,09825	-0,0307548
0,0983	-0,0308024
0,09835	-0,0308332
0,0984	-0,0310532
0,09845	-0,031022
0,0985	-0,0312412
0,09855	-0,0314132
0,0986	-0,0315076
0,09865	-0,0316328
0,0987	-0,0316328
0,09875	-0,0318052
0,0988	-0,0319304
0,09885	-0,031946
0,0989	-0,0320408
0,09895	-0,0320716
0,099	-0,0323228
0,09905	-0,0323544
0,0991	-0,0324796
0,09915	-0,032574
0,0992	-0,032636
0,09925	-0,0327928
0,0993	-0,0330752
0,09935	-0,03306
0,0994	-0,0331852
0,09945	-0,0333104
0,0995	-0,0334044
0,09955	-0,0335928
0,0996	-0,0335772
0,09965	-0,0336716
0,0997	-0,0337968
0,09975	-0,0337812
0,0998	-0,0340792
0,09985	-0,0341104
0,0999	-0,0342352
0,09995	-0,0344552
0,1	-0,034486
0,10005	-0,0347216
0,1001	-0,0347212
0,10015	-0,0348624
0,1002	-0,0349252
0,10025	-0,0350824
0,1003	-0,0352388
0,10035	-0,0352236
0,1004	-0,0353648
0,10045	-0,0353172
0,1005	-0,035286
0,10055	-0,035458
0,1006	-0,0354424
0,10065	-0,0356932
0,1007	-0,0356776
0,10075	-0,0358028
0,1008	-0,0360228
0,10085	-0,036038
0,1009	-0,036258
0,10095	-0,0364464
0,101	-0,0363672
0,10105	-0,036744
0,1011	-0,036666
0,10115	-0,0369632
0,1012	-0,0371044
0,10125	-0,0371516
0,1013	-0,0371504
0,10135	-0,037214
0,1014	-0,03734
0,10145	-0,03745
0,1015	-0,037418
0,10155	-0,037528
0,1016	-0,037544
0,10165	-0,037716
0,1017	-0,0377792
0,10175	-0,0379828
0,1018	-0,03792
0,10185	-0,0381548
0,1019	-0,0382644
0,10195	-0,0383588
0,102	-0,03839
0,10205	-0,0385312
0,1021	-0,0386408
0,10215	-0,0387512
0,1022	-0,0389704
0,10225	-0,0390016
0,1023	-0,0389544
0,10235	-0,0391116
0,1024	-0,0392368
0,10245	-0,0394092
0,1025	-0,0394088
0,10255	-0,0394092
0,1026	-0,0395664
0,10265	-0,0396448
0,1027	-0,03977
0,10275	-0,0397228
0,1028	-0,0398016
0,10285	-0,0399104
0,1029	-0,03988
0,10295	-0,040146
0,103	-0,0401304
0,10305	-0,0402716
0,1031	-0,0403336
0,10315	-0,0404132
0,1032	-0,0406008
0,10325	-0,0404752
0,1033	-0,0404596
0,10335	-0,0407104
0,1034	-0,0407112
0,10345	-0,0408516
0,1035	-0,0407424
0,10355	-0,0408832
0,1036	-0,0408672
0,10365	-0,041008
0,1037	-0,0411656
0,10375	-0,0411648
0,1038	-0,0413064
0,10385	-0,0414316
0,1039	-0,0414944
0,10395	-0,0415728
0,104	-0,0415416
0,10405	-0,041808
0,1041	-0,0419488
0,10415	-0,0419336
0,1042	-0,0420904
0,10425	-0,0422312
0,1043	-0,042294
0,10435	-0,042404
0,1044	-0,0425452
0,10445	-0,0424828
0,1045	-0,0426864
0,10455	-0,0427644
0,1046	-0,0430152
0,10465	-0,04289
0,1047	-0,0429524
0,10475	-0,0430776
0,1048	-0,0431248
0,10485	-0,0432664
0,1049	-0,043298
0,10495	-0,0432976
0,105	-0,0434856
0,10505	-0,0435328
0,1051	-0,0435952
0,10515	-0,043564
0,1052	-0,0437208
0,10525	-0,0437684
0,1053	-0,0438776
0,10535	-0,0439872
0,1054	-0,0440032
0,10545	-0,0440808
0,1055	-0,0441752
0,10555	-0,0443328
0,1056	-0,0444732
0,10565	-0,0444584
0,1057	-0,044536
0,10575	-0,0447404
0,1058	-0,0446456
0,10585	-0,0448492
0,1059	-0,044662
0,10595	-0,0449284
0,106	-0,044944
0,10605	-0,0449744
0,1061	-0,0451008
0,10615	-0,0451004
0,1062	-0,045242
0,10625	-0,0453672
0,1063	-0,045508
0,10635	-0,0455556
0,1064	-0,0456496
0,10645	-0,0457436
0,1065	-0,0457584
0,10655	-0,0457592
0,1066	-0,0459312
0,10665	-0,0460256
0,1067	-0,0462768
0,10675	-0,0462764
0,1068	-0,0462924
0,10685	-0,0463552
0,1069	-0,0463548
0,10695	-0,0465752
0,107	-0,0466212
0,10705	-0,0465432
0,1071	-0,0466844
0,10715	-0,0467312
0,1072	-0,0468092
0,10725	-0,0468724
0,1073	-0,0469192
0,10735	-0,0469196
0,1074	-0,047076
0,10745	-0,047186
0,1075	-0,0472016
0,10755	-0,04717
0,1076	-0,0473428
0,10765	-0,047374
0,1077	-0,0473272
0,10775	-0,0474524
0,1078	-0,0473744
0,10785	-0,047374
0,1079	-0,0475308
0,10795	-0,0475624
0,108	-0,047656
0,10805	-0,0475932
0,1081	-0,047672
0,10815	-0,0478292
0,1082	-0,0477968
0,10825	-0,047954
0,1083	-0,0478752
0,10835	-0,0480952
0,1084	-0,0480488
0,10845	-0,0480956
0,1085	-0,0481112
0,10855	-0,048158
0,1086	-0,0483768
0,10865	-0,0485184
0,1087	-0,0484392
0,10875	-0,04855
0,1088	-0,0485184
0,10885	-0,0486444
0,1089	-0,0487232
0,10895	-0,0488632
0,109	-0,0489424
0,10905	-0,0490044
0,1091	-0,0491608
0,10915	-0,049224
0,1092	-0,0493024
0,10925	-0,0492868
0,1093	-0,0492396
0,10935	-0,0494124
0,1094	-0,0495848
0,10945	-0,049678
0,1095	-0,0496628
0,10955	-0,0497096
0,1096	-0,0497564
0,10965	-0,0497728
0,1097	-0,049898
0,10975	-0,0498668
0,1098	-0,0499616
0,10985	-0,0499452
0,1099	-0,0501952
0,10995	-0,0502272
0,11	-0,0502584
0,11005	-0,0504156
0,1101	-0,0503996
0,11015	-0,050572
0,1102	-0,05065
0,11025	-0,0506504
0,1103	-0,0507608
0,11035	-0,0507924
0,1104	-0,0508544
0,11045	-0,0508236
0,1105	-0,0509172
0,11055	-0,05098
0,1106	-0,0510428
0,11065	-0,0511052
0,1107	-0,051168
0,11075	-0,0512624
0,1108	-0,0513872
0,11085	-0,051466
0,1109	-0,0516068
0,11095	-0,0516692
0,111	-0,0518888
0,11105	-0,0519832
0,1111	-0,051952
0,11115	-0,0521552
0,1112	-0,0521716
0,11125	-0,0523284
0,1113	-0,0524688
0,11135	-0,0524384
0,1114	-0,052642
0,11145	-0,0526424
0,1115	-0,0527044
0,11155	-0,05283
0,1116	-0,0527356
0,11165	-0,0528604
0,1117	-0,0529708
0,11175	-0,0529712
0,1118	-0,05319
0,11185	-0,053206
0,1119	-0,0532216
0,11195	-0,0532848
0,112	-0,0533792
0,11205	-0,0534572
0,1121	-0,0534572
0,11215	-0,0535356
0,1122	-0,0535196
0,11225	-0,0535196
0,1123	-0,0536448
0,11235	-0,0536136
0,1124	-0,0538016
0,11245	-0,053786
0,1125	-0,053786
0,11255	-0,0537548
0,1126	-0,0537072
0,11265	-0,0538016
0,1127	-0,0539272
0,11275	-0,0538956
0,1128	-0,0539904
0,11285	-0,054084
0,1129	-0,0540212
0,11295	-0,0541628
0,113	-0,0541628
0,11305	-0,0542408
0,1131	-0,054272
0,11315	-0,0542884
0,1132	-0,0544604
0,11325	-0,054382
0,1133	-0,054476
0,11335	-0,054476
0,1134	-0,054476
0,11345	-0,0546956
0,1135	-0,05457
0,11355	-0,0547744
0,1136	-0,0547892
0,11365	-0,0549624
0,1137	-0,0549936
0,11375	-0,0548372
0,1138	-0,0550256
0,11385	-0,0548836
0,1139	-0,0549936
0,11395	-0,0550872
0,114	-0,0550092
0,11405	-0,0550404
0,1141	-0,055088
0,11415	-0,0550564
0,1142	-0,0550564
0,11425	-0,0551812
0,1143	-0,0551972
0,11435	-0,0551188
0,1144	-0,055306
0,11445	-0,0553064
0,1145	-0,0553692
0,11455	-0,0553536
0,1146	-0,0555264
0,11465	-0,0556204
0,1147	-0,0556524
0,11475	-0,0556832
0,1148	-0,055762
0,11485	-0,05573
0,1149	-0,0558408
0,11495	-0,05573
0,115	-0,0558404
0,11505	-0,0557924
0,1151	-0,0559812
0,11515	-0,05584
0,1152	-0,0559656
0,11525	-0,0560756
0,1153	-0,055966
0,11535	-0,0562008
0,1154	-0,0561228
0,11545	-0,056248
0,1155	-0,0563256
0,11555	-0,0562944
0,1156	-0,0563888
0,11565	-0,0563572
0,1157	-0,0563888
0,11575	-0,05653
0,1158	-0,0565304
0,11585	-0,0567336
0,1159	-0,0566556
0,11595	-0,0567336
0,116	-0,0566864
0,11605	-0,0567492
0,1161	-0,0568596
0,11615	-0,0567344
0,1162	-0,0567968
0,11625	-0,0567976
0,1163	-0,0569376
0,11635	-0,0568912
0,1164	-0,0568284
0,11645	-0,0569692
0,1165	-0,0569224
0,11655	-0,0569536
0,1166	-0,0570788
0,11665	-0,0570316
0,1167	-0,0571416
0,11675	-0,0570784
0,1168	-0,0571416
0,11685	-0,0569848
0,1169	-0,0569688
0,11695	-0,057
0,117	-0,0571104
0,11705	-0,0570628
0,1171	-0,057032
0,11715	-0,0570944
0,1172	-0,057016
0,11725	-0,0570944
0,1173	-0,0571728
0,11735	-0,0570472
0,1174	-0,0572044
0,11745	-0,057204
0,1175	-0,0571884
0,11755	-0,0571416
0,1176	-0,0573292
0,11765	-0,0573608
0,1177	-0,0573764
0,11775	-0,0574232
0,1178	-0,0573924
0,11785	-0,0573456
0,1179	-0,0573616
0,11795	-0,0574084
0,118	-0,0575172
0,11805	-0,0575648
0,1181	-0,0574712
0,11815	-0,0575176
0,1182	-0,0575648
0,11825	-0,0576744
0,1183	-0,0575808
0,11835	-0,0577212
0,1184	-0,0577524
0,11845	-0,0578312
0,1185	-0,0578628
0,11855	-0,0578776
0,1186	-0,0578624
0,11865	-0,0578308
0,1187	-0,0578156
0,11875	-0,057894
0,1188	-0,0579404
0,11885	-0,0578628
0,1189	-0,057972
0,11895	-0,0580664
0,119	-0,0580508
0,11905	-0,0580504
0,1191	-0,0581284
0,11915	-0,0580352
0,1192	-0,0580812
0,11925	-0,0581288
0,1193	-0,0581132
0,11935	-0,0580976
0,1194	-0,0581608
0,11945	-0,0582544
0,1195	-0,0582384
0,11955	-0,0583168
0,1196	-0,0582384
0,11965	-0,0582384
0,1197	-0,0583956
0,11975	-0,058364
0,1198	-0,0584736
0,11985	-0,058474
0,1199	-0,058646
0,11995	-0,0585992
0,12	-0,058646
0,12005	-0,0587404
0,1201	-0,0586308
0,12015	-0,0586776
0,1202	-0,0586772
0,12025	-0,0587248
0,1203	-0,0587408
0,12035	-0,0588192
0,1204	-0,0588344
0,12045	-0,0588816
0,1205	-0,0588664
0,12055	-0,058866
0,1206	-0,0588184
0,12065	-0,0588664
0,1207	-0,0588812
0,12075	-0,0590068
0,1208	-0,0588504
0,12085	-0,0589912
0,1209	-0,05896
0,12095	-0,0589912
0,121	-0,059086
0,12105	-0,0590068
0,1211	-0,0591012
0,12115	-0,0591172
0,1212	-0,0591168
0,12125	-0,059054
0,1213	-0,0590848
0,12135	-0,0590544
0,1214	-0,0591008
0,12145	-0,0590072
0,1215	-0,059038
0,12155	-0,0589604
0,1216	-0,0591004
0,12165	-0,059054
0,1217	-0,0591008
0,12175	-0,0590536
0,1218	-0,0591324
0,12185	-0,0591948
0,1219	-0,0591948
0,12195	-0,0591948
0,122	-0,0591328
0,12205	-0,0592732
0,1221	-0,0592892
0,12215	-0,0592892
0,1222	-0,0593352
0,12225	-0,0593992
0,1223	-0,059446
0,12235	-0,059368
0,1224	-0,0595088
0,12245	-0,0594772
0,1225	-0,0595564
0,12255	-0,0595404
0,1226	-0,0595404
0,12265	-0,059634
0,1227	-0,0596652
0,12275	-0,0596976
0,1228	-0,0596656
0,12285	-0,0595872
0,1229	-0,0597752
0,12295	-0,0597592
0,123	-0,0598068
0,12305	-0,0598848
0,1231	-0,059838
0,12315	-0,0599164
0,1232	-0,0599164
0,12325	-0,0596964
0,1233	-0,0598384
0,12335	-0,059822
0,1234	-0,0598376
0,12345	-0,05987
0,1235	-0,059932
0,12355	-0,0600108
0,1236	-0,0598688
0,12365	-0,060042
0,1237	-0,0600416
0,12375	-0,0601196
0,1238	-0,060214
0,12385	-0,0601044
0,1239	-0,0602608
0,12395	-0,0600268
0,124	-0,0601676
0,12405	-0,0601356
0,1241	-0,0601988
0,12415	-0,0601052
0,1242	-0,060104
0,12425	-0,0602144
0,1243	-0,0601672
0,12435	-0,0601832
0,1244	-0,060136
0,12445	-0,0602292
0,1245	-0,0602772
0,12455	-0,0601832
0,1246	-0,0602616
0,12465	-0,0602456
0,1247	-0,0603564
0,12475	-0,0603864
0,1248	-0,0604184
0,12485	-0,0604808
0,1249	-0,0604024
0,12495	-0,0605124
0,125	-0,0605444
0,12505	-0,0605432
0,1251	-0,0605284
0,12515	-0,0604492
0,1252	-0,0605904
0,12525	-0,0606224
0,1253	-0,0607004
0,12535	-0,0605752
0,1254	-0,0606376
0,12545	-0,0606852
0,1255	-0,0606692
0,12555	-0,0606536
0,1256	-0,0606376
0,12565	-0,0607164
0,1257	-0,060622
0,12575	-0,0607008
0,1258	-0,0606688
0,12585	-0,060606
0,1259	-0,0607164
0,12595	-0,0607008
0,126	-0,0605752
0,12605	-0,0606064
0,1261	-0,0606688
0,12615	-0,0607164
0,1262	-0,0606536
0,12625	-0,0606376
0,1263	-0,0606064
0,12635	-0,060606
0,1264	-0,0608104
0,12645	-0,0607476
0,1265	-0,0607468
0,12655	-0,0607
0,1266	-0,0607628
0,12665	-0,0608724
0,1267	-0,060794
0,12675	-0,0607944
0,1268	-0,0608416
0,12685	-0,0607944
0,1269	-0,0609044
0,12695	-0,06081
0,127	-0,0609356
0,12705	-0,060826
0,1271	-0,0609828
0,12715	-0,0610144
0,1272	-0,0609828
0,12725	-0,0611552
0,1273	-0,0611088
0,12735	-0,061092
0,1274	-0,0612492
0,12745	-0,0611708
0,1275	-0,0610764
0,12755	-0,0612336
0,1276	-0,0612808
0,12765	-0,0613592
0,1277	-0,0613744
0,12775	-0,0613596
0,1278	-0,0612964
0,12785	-0,0612496
0,1279	-0,0613752
0,12795	-0,0614372
0,128	-0,0613428
0,12805	-0,0614068
0,1281	-0,061484
0,12815	-0,06161
0,1282	-0,0615788
0,12825	-0,0615948
0,1283	-0,0615
0,12835	-0,0614528
0,1284	-0,0613908
0,12845	-0,0615468
0,1285	-0,0615156
0,12855	-0,0615628
0,1286	-0,0616092
0,12865	-0,0615308
0,1287	-0,0616408
0,12875	-0,0616248
0,1288	-0,061688
0,12885	-0,0616096
0,1289	-0,061594
0,12895	-0,0615784
0,129	-0,0617976
0,12905	-0,0619544
0,1291	-0,06186
0,12915	-0,0617824
0,1292	-0,0617828
0,12925	-0,0617508
0,1293	-0,061656
0,12935	-0,0617036
0,1294	-0,0617512
0,12945	-0,0617352
0,1295	-0,0618144
0,12955	-0,0619236
0,1296	-0,0617668
0,12965	-0,0617032
0,1297	-0,0617508
0,12975	-0,061704
0,1298	-0,0618136
0,12985	-0,0617512
0,1299	-0,0616568
0,12995	-0,0617512
0,13	-0,0616568
0,13005	-0,0617356
0,1301	-0,0617352
0,13015	-0,0617192
0,1302	-0,0616412
0,13025	-0,0617512
0,1303	-0,0617504
0,13035	-0,061876
0,1304	-0,0617036
0,13045	-0,0616724
0,1305	-0,061594
0,13055	-0,061782
0,1306	-0,0616884
0,13065	-0,061798
0,1307	-0,0617668
0,13075	-0,0617192
0,1308	-0,0617196
0,13085	-0,0618292
0,1309	-0,061798
0,13095	-0,0618288
0,131	-0,0617828
0,13105	-0,0618764
0,1311	-0,061892
0,13115	-0,061908
0,1312	-0,061892
0,13125	-0,0619548
0,1313	-0,0619544
0,13135	-0,0618916
0,1314	-0,0618764
0,13145	-0,0619076
0,1315	-0,0620332
0,13155	-0,0619388
0,1316	-0,0620336
0,13165	-0,0620808
0,1317	-0,062174
0,13175	-0,062206
0,1318	-0,06219
0,13185	-0,0622528
0,1319	-0,062174
0,13195	-0,0622368
0,132	-0,0623308
0,13205	-0,0622212
0,1321	-0,0621896
0,13215	-0,06219
0,1322	-0,0623156
0,13225	-0,062206
0,1323	-0,0622688
0,13235	-0,0622052
0,1324	-0,0621896
0,13245	-0,0623312
0,1325	-0,062268
0,13255	-0,0622844
0,1326	-0,0623468
0,13265	-0,0622212
0,1327	-0,062394
0,13275	-0,0624092
0,1328	-0,0623624
0,13285	-0,0623936
0,1329	-0,0622684
0,13295	-0,0624568
0,133	-0,0623468
0,13305	-0,0623468
0,1331	-0,0623628
0,13315	-0,062252
0,1332	-0,0623468
0,13325	-0,062378
0,1333	-0,0623156
0,13335	-0,0624256
0,1334	-0,062316
0,13345	-0,0624248
0,1335	-0,0623784
0,13355	-0,0624564
0,1336	-0,0623784
0,13365	-0,0624096
0,1337	-0,0625192
0,13375	-0,0625196
0,1338	-0,0626132
0,13385	-0,0625344
0,1339	-0,0625816
0,13395	-0,062692
0,134	-0,062676
0,13405	-0,0627228
0,1341	-0,0626452
0,13415	-0,0626444
0,1342	-0,0626132
0,13425	-0,0627388
0,1343	-0,0626916
0,13435	-0,0626288
0,1344	-0,0626444
0,13445	-0,0626292
0,1345	-0,0626912
0,13455	-0,0626764
0,1346	-0,0627228
0,13465	-0,0626136
0,1347	-0,0626292
0,13475	-0,0627224
0,1348	-0,0626604
0,13485	-0,062676
0,1349	-0,0626132
0,13495	-0,0625976
0,135	-0,0627076
0,13505	-0,0626916
0,1351	-0,062786
0,13515	-0,062692
0,1352	-0,0626448
0,13525	-0,0628324
0,1353	-0,0625192
0,13535	-0,06266
0,1354	-0,0627224
0,13545	-0,0626604
0,1355	-0,0627544
0,13555	-0,0626764
0,1356	-0,0627704
0,13565	-0,0628016
0,1357	-0,06277
0,13575	-0,062848
0,1358	-0,0627232
0,13585	-0,06277
0,1359	-0,0627696
0,13595	-0,0628328
0,136	-0,0628012
0,13605	-0,0627072
0,1361	-0,0628636
0,13615	-0,0628792
0,1362	-0,0629428
0,13625	-0,0629424
0,1363	-0,062942
0,13635	-0,0629268
0,1364	-0,0629736
0,13645	-0,0629892
0,1365	-0,0629896
0,13655	-0,0630052
0,1366	-0,0628952
0,13665	-0,0629264
0,1367	-0,0629264
0,13675	-0,0628644
0,1368	-0,06288
0,13685	-0,0627544
0,1369	-0,062864
0,13695	-0,0629264
0,137	-0,0630208
0,13705	-0,0628952
0,1371	-0,0629116
0,13715	-0,0628952
0,1372	-0,0629268
0,13725	-0,0630056
0,1373	-0,0631148
0,13735	-0,0630524
0,1374	-0,0630832
0,13745	-0,0630216
0,1375	-0,0630676
0,13755	-0,0629896
0,1376	-0,0630052
0,13765	-0,0629896
0,1377	-0,0629896
0,13775	-0,0630364
0,1378	-0,0629264
0,13785	-0,0629272
0,1379	-0,062958
0,13795	-0,0629112
0,138	-0,0629896
0,13805	-0,0630048
0,1381	-0,0629104
0,13815	-0,0630992
0,1382	-0,0630988
0,13825	-0,0632248
0,1383	-0,0630992
0,13835	-0,0631776
0,1384	-0,0631144
0,13845	-0,0631464
0,1385	-0,0633188
0,13855	-0,0632716
0,1386	-0,0633344
0,13865	-0,0633188
0,1387	-0,0632876
0,13875	-0,0633192
0,1388	-0,0632092
0,13885	-0,0632724
0,1389	-0,0631932
0,13895	-0,06324
0,139	-0,0631932
0,13905	-0,0632252
0,1391	-0,0632404
0,13915	-0,0631144
0,1392	-0,0632404
0,13925	-0,0632876
0,1393	-0,063194
0,13935	-0,0632248
0,1394	-0,0633184
0,13945	-0,0632716
0,1395	-0,0631304
0,13955	-0,0632404
0,1396	-0,063162
0,13965	-0,06324
0,1397	-0,0633656
0,13975	-0,063256
0,1398	-0,0633344
0,13985	-0,063162
0,1399	-0,063256
0,13995	-0,0633344
0,14	-0,0632404
0,14005	-0,0633188
0,1401	-0,0633028
0,14015	-0,0633184
0,1402	-0,0634604
0,14025	-0,0633812
0,1403	-0,0634284
0,14035	-0,0633344
0,1404	-0,0634132
0,14045	-0,063382
0,1405	-0,0632408
0,14055	-0,06335
0,1406	-0,06335
0,14065	-0,0633664
0,1407	-0,0634292
0,14075	-0,0634292
0,1408	-0,0634136
0,14085	-0,0633976
0,1409	-0,0633976
0,14095	-0,0634908
0,141	-0,0633816
0,14105	-0,0634912
0,1411	-0,0633496
0,14115	-0,0634132
0,1412	-0,063334
0,14125	-0,0631776
0,1413	-0,0633972
0,14135	-0,0632716
0,1414	-0,0632868
0,14145	-0,063288
0,1415	-0,0632252
0,14155	-0,0632244
0,1416	-0,0631932
0,14165	-0,0632568
0,1417	-0,0632408
0,14175	-0,0631464
0,1418	-0,063256
0,14185	-0,0632244
0,1419	-0,063194
0,14195	-0,06335
0,142	-0,063272
0,14205	-0,0632716
0,1421	-0,063272
0,14215	-0,0631776
0,1422	-0,0632724
0,14225	-0,0630676
0,1423	-0,0632088
0,14235	-0,0630988
0,1424	-0,0632404
0,14245	-0,0631624
0,1425	-0,0632408
0,14255	-0,0632872
0,1426	-0,0631776
0,14265	-0,0633188
0,1427	-0,0633664
0,14275	-0,0633344
0,1428	-0,0633504
0,14285	-0,063382
0,1429	-0,06346
0,14295	-0,0635224
0,143	-0,0635384
0,14305	-0,0636948
0,1431	-0,0636016
0,14315	-0,063554
0,1432	-0,063616
0,14325	-0,063554
0,1433	-0,0635692
0,14335	-0,0633504
0,1434	-0,0633032
0,14345	-0,0633184
0,1435	-0,0634124
0,14355	-0,063554
0,1436	-0,063444
0,14365	-0,0633184
0,1437	-0,0634284
0,14375	-0,0635692
0,1438	-0,0636164
0,14385	-0,0635228
0,1439	-0,06357
0,14395	-0,0634916
0,144	-0,0636324
0,14405	-0,063538
0,1441	-0,0635856
0,14415	-0,0635068
0,1442	-0,0635232
0,14425	-0,0636168
0,1443	-0,0635848
0,14435	-0,0636168
0,1444	-0,0635696
0,14445	-0,0635544
0,1445	-0,0636316
0,14455	-0,0636004
0,1446	-0,063726
0,14465	-0,0636324
0,1447	-0,063632
0,14475	-0,0636324
0,1448	-0,0636164
0,14485	-0,0636796
0,1449	-0,0636632
0,14495	-0,0637264
0,145	-0,0635856
0,14505	-0,0635692
0,1451	-0,0636952
0,14515	-0,063602
0,1452	-0,0637268
0,14525	-0,0636484
0,1453	-0,0637264
0,14535	-0,063648
0,1454	-0,0635232
0,14545	-0,0637264
0,1455	-0,0635544
0,14555	-0,0637572
0,1456	-0,0637264
0,14565	-0,0636796
0,1457	-0,0637264
0,14575	-0,0636796
0,1458	-0,063648
0,14585	-0,0634916
0,1459	-0,06346
0,14595	-0,0635072
0,146	-0,0633656
0,14605	-0,0635072
0,1461	-0,0632876
0,14615	-0,0634288
0,1462	-0,0633972
0,14625	-0,0634128
0,1463	-0,0633976
0,14635	-0,0633504
0,1464	-0,0633816
0,14645	-0,0634444
0,1465	-0,0634288
0,14655	-0,0634132
0,1466	-0,0634128
0,14665	-0,0634284
0,1467	-0,0633656
0,14675	-0,0633968
0,1468	-0,0633668
0,14685	-0,0633656
0,1469	-0,0634136
0,14695	-0,063256
0,147	-0,0634128
0,14705	-0,0632872
0,1471	-0,0633188
0,14715	-0,0633504
0,1472	-0,0633504
0,14725	-0,0634756
0,1473	-0,0633656
0,14735	-0,0635068
0,1474	-0,0633972
0,14745	-0,0634124
0,1475	-0,0636168
0,14755	-0,063366
0,1476	-0,0636008
0,14765	-0,0634128
0,1477	-0,063444
0,14775	-0,0634124
0,1478	-0,0633816
0,14785	-0,0634752
0,1479	-0,0633032
0,14795	-0,0634916
0,148	-0,0634124
0,14805	-0,0633812
0,1481	-0,063366
0,14815	-0,0633188
0,1482	-0,0633656
0,14825	-0,0633188
0,1483	-0,063382
0,14835	-0,0633812
0,1484	-0,0632092
0,14845	-0,0633188
0,1485	-0,0631928
0,14855	-0,0632876
0,1486	-0,0633812
0,14865	-0,0632564
0,1487	-0,0633032
0,14875	-0,063194
0,1488	-0,063272
0,14885	-0,0631776
0,1489	-0,0632404
0,14895	-0,0633504
0,149	-0,0632092
0,14905	-0,0633184
0,1491	-0,063272
0,14915	-0,063288
0,1492	-0,063272
0,14925	-0,0631464
0,1493	-0,0633196
0,14935	-0,0631304
0,1494	-0,06335
0,14945	-0,0631932
0,1495	-0,0633196
0,14955	-0,0633036
0,1496	-0,0633344
0,14965	-0,063366
0,1497	-0,0631932
0,14975	-0,0634596
0,1498	-0,0633024
0,14985	-0,063334
0,1499	-0,0633344
0,14995	-0,0633188
0,15	-0,0633812
0,15005	-0,0632396
0,1501	-0,06346
0,15015	-0,063272
0,1502	-0,0632088
0,15025	-0,0633812
0,1503	-0,0631312
0,15035	-0,063272
0,1504	-0,0631304
0,15045	-0,0632248
0,1505	-0,0632088
0,15055	-0,0631616
0,1506	-0,0632404
0,15065	-0,0631304
0,1507	-0,0631936
0,15075	-0,0631772
0,1508	-0,0632092
0,15085	-0,0632408
0,1509	-0,0631936
0,15095	-0,0633348
0,151	-0,0633344
0,15105	-0,0633344
0,1511	-0,0632872
0,15115	-0,0631932
0,1512	-0,063256
0,15125	-0,063256
0,1513	-0,0632404
0,15135	-0,0632404
0,1514	-0,0631464
0,15145	-0,0631624
0,1515	-0,0630992
0,15155	-0,063084
0,1516	-0,0629736
0,15165	-0,0631772
0,1517	-0,0631932
0,15175	-0,0633344
0,1518	-0,0633504
0,15185	-0,0633032
0,1519	-0,0633348
0,15195	-0,0632244
0,152	-0,0632716
0,15205	-0,0634444
0,1521	-0,0634756
0,15215	-0,063648
0,1522	-0,0635068
0,15225	-0,0635384
0,1523	-0,0634756
0,15235	-0,0633348
0,1524	-0,0634288
0,15245	-0,063162
0,1525	-0,0633192
0,15255	-0,0633032
0,1526	-0,0632408
0,15265	-0,0633812
0,1527	-0,0631772
0,15275	-0,0632716
0,1528	-0,063194
0,15285	-0,0631624
0,1529	-0,0633188
0,15295	-0,063162
0,153	-0,0633496
0,15305	-0,0631776
0,1531	-0,063256
0,15315	-0,0632244
0,1532	-0,063084
0,15325	-0,0631624
0,1533	-0,0630524
0,15335	-0,0631776
0,1534	-0,0630992
0,15345	-0,0631148
0,1535	-0,0631776
0,15355	-0,0632248
0,1536	-0,0632872
0,15365	-0,0630992
0,1537	-0,06313
0,15375	-0,0631464
0,1538	-0,0630364
0,15385	-0,063162
0,1539	-0,063084
0,15395	-0,063162
0,154	-0,0631156
0,15405	-0,0630836
0,1541	-0,0632088
0,15415	-0,0631464
0,1542	-0,0631772
0,15425	-0,0631308
0,1543	-0,0631304
0,15435	-0,0631616
0,1544	-0,0631936
0,15445	-0,0632248
0,1545	-0,063162
0,15455	-0,0632564
0,1546	-0,063146
0,15465	-0,0631456
0,1547	-0,063272
0,15475	-0,0631308
0,1548	-0,0633032
0,15485	-0,063068
0,1549	-0,0631936
0,15495	-0,0631464
0,155	-0,0629896
0,15505	-0,063068
0,1551	-0,063084
0,15515	-0,0632092
0,1552	-0,0630996
0,15525	-0,0631464
0,1553	-0,0631468
0,15535	-0,0630368
0,1554	-0,0631784
0,15545	-0,0630684
0,1555	-0,0631152
0,15555	-0,0631628
0,1556	-0,0630836
0,15565	-0,0632088
0,1557	-0,0630368
0,15575	-0,0630992
0,1558	-0,0630052
0,15585	-0,0631624
0,1559	-0,0631464
0,15595	-0,0629424
0,156	-0,0630832
0,15605	-0,063036
0,1561	-0,0630832
0,15615	-0,0630992
0,1562	-0,0631776
0,15625	-0,0633656
0,1563	-0,0632092
0,15635	-0,0633348
0,1564	-0,0633188
0,15645	-0,0632092
0,1565	-0,0632872
0,15655	-0,0632872
0,1566	-0,0633972
0,15665	-0,0632564
0,1567	-0,0633504
0,15675	-0,0633504
0,1568	-0,063444
0,15685	-0,06335
0,1569	-0,0631772
0,15695	-0,0633188
0,157	-0,0632088
0,15705	-0,0633192
0,1571	-0,0632092
0,15715	-0,0631148
0,1572	-0,0633344
0,15725	-0,0632244
0,1573	-0,0632564
0,15735	-0,0632564
0,1574	-0,063272
0,15745	-0,0634128
0,1575	-0,0632404
0,15755	-0,0633812
0,1576	-0,0631932
0,15765	-0,0632092
0,1577	-0,0632872
0,15775	-0,063178
0,1578	-0,0632244
0,15785	-0,0630368
0,1579	-0,0631308
0,15795	-0,063052
0,158	-0,0629424
0,15805	-0,0630992
0,1581	-0,0629896
0,15815	-0,0631152
0,1582	-0,0630052
0,15825	-0,0632092
0,1583	-0,0629424
0,15835	-0,062958
0,1584	-0,0630992
0,15845	-0,0630524
0,1585	-0,0631304
0,15855	-0,062958
0,1586	-0,0631148
0,15865	-0,063052
0,1587	-0,0630844
0,15875	-0,0630676
0,1588	-0,063052
0,15885	-0,0631464
0,1589	-0,0630364
0,15895	-0,0630836
0,159	-0,0631776
0,15905	-0,0631148
0,1591	-0,0631932
0,15915	-0,0631308
0,1592	-0,063162
0,15925	-0,0631308
0,1593	-0,0630996
0,15935	-0,063084
0,1594	-0,0630368
0,15945	-0,063084
0,1595	-0,0630372
0,15955	-0,0630048
0,1596	-0,0630836
0,15965	-0,0629428
0,1597	-0,0630836
0,15975	-0,0630048
0,1598	-0,0630364
0,15985	-0,063068
0,1599	-0,0630368
0,15995	-0,0632084
0,16	-0,0630996
0,16005	-0,0631308
0,1601	-0,0631308
0,16015	-0,0630684
0,1602	-0,0630996
0,16025	-0,0630208
0,1603	-0,0631464
0,16035	-0,0630368
0,1604	-0,0630204
0,16045	-0,0630212
0,1605	-0,0628956
0,16055	-0,0630524
0,1606	-0,06299
0,16065	-0,0630676
0,1607	-0,0630052
0,16075	-0,0629424
0,1608	-0,063084
0,16085	-0,0630364
0,1609	-0,0631464
0,16095	-0,0632404
0,161	-0,0632252
0,16105	-0,0633816
0,1611	-0,06335
0,16115	-0,06346
0,1612	-0,0633496
0,16125	-0,0633656
0,1613	-0,0634128
0,16135	-0,0633344
0,1614	-0,0633196
0,16145	-0,0632716
0,1615	-0,0633032
0,16155	-0,063256
0,1616	-0,0633652
0,16165	-0,0633028
0,1617	-0,0632872
0,16175	-0,0633192
0,1618	-0,0632088
0,16185	-0,06335
0,1619	-0,0632556
0,16195	-0,063272
0,162	-0,0633188
0,16205	-0,0633184
0,1621	-0,063256
0,16215	-0,0631464
0,1622	-0,0631616
0,16225	-0,063052
0,1623	-0,0630364
0,16235	-0,0631312
0,1624	-0,0631308
0,16245	-0,0630996
0,1625	-0,0629428
0,16255	-0,0629896
0,1626	-0,0629736
0,16265	-0,0628328
0,1627	-0,062974
0,16275	-0,0629112
0,1628	-0,0628956
0,16285	-0,0628484
0,1629	-0,0628008
0,16295	-0,0628644
0,163	-0,0628012
0,16305	-0,0629112
0,1631	-0,0628328
0,16315	-0,062864
0,1632	-0,0628636
0,16325	-0,0628328
0,1633	-0,0629108
0,16335	-0,06288
0,1634	-0,0628796
0,16345	-0,062958
0,1635	-0,0628952
0,16355	-0,0630048
0,1636	-0,062958
0,16365	-0,0629424
0,1637	-0,0628956
0,16375	-0,0628792
0,1638	-0,0629112
0,16385	-0,0627692
0,1639	-0,06288
0,16395	-0,0629112
0,164	-0,0628324
0,16405	-0,0627228
0,1641	-0,0626292
0,16415	-0,0628328
0,1642	-0,0627072
0,16425	-0,0626444
0,1643	-0,0626448
0,16435	-0,0627544
0,1644	-0,0626604
0,16445	-0,0626288
0,1645	-0,0628644
0,16455	-0,0627392
0,1646	-0,0628016
0,16465	-0,0628796
0,1647	-0,062754
0,16475	-0,0627388
0,1648	-0,0627232
0,16485	-0,0627076
0,1649	-0,0627228
0,16495	-0,0627388
0,165	-0,0627384
0,16505	-0,062676
0,1651	-0,0627548
0,16515	-0,0626916
0,1652	-0,0627544
0,16525	-0,062832
0,1653	-0,0627392
0,16535	-0,062848
0,1654	-0,062896
0,16545	-0,062974
0,1655	-0,0628636
0,16555	-0,0628332
0,1656	-0,0628956
0,16565	-0,0630208
0,1657	-0,0630524
0,16575	-0,0630684
0,1658	-0,0629896
0,16585	-0,0630364
0,1659	-0,0629744
0,16595	-0,0628956
0,166	-0,0628328
0,16605	-0,06277
0,1661	-0,0629112
0,16615	-0,0628328
0,1662	-0,0629272
0,16625	-0,0628644
0,1663	-0,0628172
0,16635	-0,0629272
0,1664	-0,0629432
0,16645	-0,0629272
0,1665	-0,062864
0,16655	-0,0628484
0,1666	-0,0629744
0,16665	-0,0629428
0,1667	-0,0629268
0,16675	-0,0627852
0,1668	-0,0628328
0,16685	-0,0627548
0,1669	-0,0626608
0,16695	-0,0627076
0,167	-0,0627076
0,16705	-0,0626284
0,1671	-0,0626448
0,16715	-0,062598
0,1672	-0,062676
0,16725	-0,0626132
0,1673	-0,0626448
0,16735	-0,0626136
0,1674	-0,0625348
0,16745	-0,0625816
0,1675	-0,0625668
0,16755	-0,062598
0,1676	-0,0625352
0,16765	-0,0626136
0,1677	-0,0624408
0,16775	-0,0625036
0,1678	-0,0625504
0,16785	-0,0625348
0,1679	-0,0625504
0,16795	-0,0625976
0,168	-0,0626596
0,16805	-0,06266
0,1681	-0,062582
0,16815	-0,0625976
0,1682	-0,0625032
0,16825	-0,0625188
0,1683	-0,0625348
0,16835	-0,0625976
0,1684	-0,0626756
0,16845	-0,0626288
0,1685	-0,0626604
0,16855	-0,0625352
0,1686	-0,062488
0,16865	-0,0625668
0,1687	-0,062488
0,16875	-0,0625512
0,1688	-0,0625188
0,16885	-0,0624568
0,1689	-0,0624412
0,16895	-0,0625192
0,169	-0,06255
0,16905	-0,0625344
0,1691	-0,0625196
0,16915	-0,0625352
0,1692	-0,0626288
0,16925	-0,0626132
0,1693	-0,0624252
0,16935	-0,0624404
0,1694	-0,0624404
0,16945	-0,0625032
0,1695	-0,0625348
0,16955	-0,0623932
0,1696	-0,0623936
0,16965	-0,0624252
0,1697	-0,0624724
0,16975	-0,0625032
0,1698	-0,0624568
0,16985	-0,062456
0,1699	-0,0624096
0,16995	-0,0624252
0,17	-0,0623624
0,17005	-0,062378
0,1701	-0,0623
0,17015	-0,0623468
0,1702	-0,0624092
0,17025	-0,0625664
0,1703	-0,0623624
0,17035	-0,0623472
0,1704	-0,0623464
0,17045	-0,0623468
0,1705	-0,0622216
0,17055	-0,0623624
0,1706	-0,0623312
0,17065	-0,0623148
0,1707	-0,0623312
0,17075	-0,0622688
0,1708	-0,0624096
0,17085	-0,0622996
0,1709	-0,0623468
0,17095	-0,0623308
0,171	-0,0623468
0,17105	-0,0622836
0,1711	-0,0622836
0,17115	-0,0621116
0,1712	-0,0622212
0,17125	-0,0621744
0,1713	-0,0621588
0,17135	-0,0621124
0,1714	-0,0621588
0,17145	-0,062096
0,1715	-0,0621276
0,17155	-0,0620648
0,1716	-0,0621116
0,17165	-0,0621588
0,1717	-0,062206
0,17175	-0,0620956
0,1718	-0,0621744
0,17185	-0,0622996
0,1719	-0,0623316
0,17195	-0,0620964
0,172	-0,0621592
0,17205	-0,062096
0,1721	-0,06219
0,17215	-0,0621428
0,1722	-0,062018
0,17225	-0,0620644
0,1723	-0,061986
0,17235	-0,0620956
0,1724	-0,06208
0,17245	-0,0620804
