0	-0,0487378
0,00005	-0,0489258
0,0001	-0,0488318
0,00015	-0,0489574
0,0002	-0,0489258
0,00025	-0,048879
0,0003	-0,0488946
0,00035	-0,048863
0,0004	-0,0489414
0,00045	-0,0489102
0,0005	-0,0488788
0,00055	-0,0488944
0,0006	-0,0488006
0,00065	-0,0488314
0,0007	-0,048973
0,00075	-0,0488318
0,0008	-0,0487848
0,00085	-0,0486748
0,0009	-0,0488162
0,00095	-0,0486908
0,001	-0,0487848
0,00105	-0,0486906
0,0011	-0,0487218
0,00115	-0,0488004
0,0012	-0,0487848
0,00125	-0,0486596
0,0013	-0,0487064
0,00135	-0,048628
0,0014	-0,048675
0,00145	-0,048581
0,0015	-0,0485338
0,00155	-0,0484868
0,0016	-0,0485024
0,00165	-0,0484556
0,0017	-0,0485496
0,00175	-0,0485024
0,0018	-0,048534
0,00185	-0,0486436
0,0019	-0,0486436
0,00195	-0,0487534
0,002	-0,048534
0,00205	-0,0484868
0,0021	-0,0485968
0,00215	-0,0485182
0,0022	-0,0486124
0,00225	-0,0483928
0,0023	-0,0485028
0,00235	-0,0485808
0,0024	-0,048393
0,00245	-0,048581
0,0025	-0,04844
0,00255	-0,048581
0,0026	-0,0484868
0,00265	-0,0485184
0,0027	-0,0486282
0,00275	-0,0484398
0,0028	-0,0486124
0,00285	-0,048487
0,0029	-0,0485654
0,00295	-0,0485812
0,003	-0,0486596
0,00305	-0,0487534
0,0031	-0,048722
0,00315	-0,0486906
0,0032	-0,0485654
0,00325	-0,0485024
0,0033	-0,048628
0,00335	-0,0485654
0,0034	-0,048534
0,00345	-0,0484868
0,0035	-0,0485026
0,00355	-0,0485496
0,0036	-0,0485184
0,00365	-0,0483928
0,0037	-0,0484086
0,00375	-0,0483928
0,0038	-0,048346
0,00385	-0,0484558
0,0039	-0,0483928
0,00395	-0,0483144
0,004	-0,0483928
0,00405	-0,0484086
0,0041	-0,0485654
0,00415	-0,0484086
0,0042	-0,0483772
0,00425	-0,0485026
0,0043	-0,048377
0,00435	-0,0484242
0,0044	-0,0482674
0,00445	-0,048471
0,0045	-0,0485182
0,00455	-0,0483928
0,0046	-0,0485182
0,00465	-0,0484556
0,0047	-0,0484086
0,00475	-0,0484242
0,0048	-0,0484242
0,00485	-0,0484868
0,0049	-0,0483456
0,00495	-0,0484086
0,005	-0,0483928
0,00505	-0,0483144
0,0051	-0,0483772
0,00515	-0,0483302
0,0052	-0,0483144
0,00525	-0,0482988
0,0053	-0,0482204
0,00535	-0,048236
0,0054	-0,0480794
0,00545	-0,0481734
0,0055	-0,0483144
0,00555	-0,0482832
0,0056	-0,0482204
0,00565	-0,0480794
0,0057	-0,0482362
0,00575	-0,0482044
0,0058	-0,0480324
0,00585	-0,0481108
0,0059	-0,047954
0,00595	-0,0480008
0,006	-0,0480168
0,00605	-0,0478128
0,0061	-0,047797
0,00615	-0,0478126
0,0062	-0,0478128
0,00625	-0,0479226
0,0063	-0,0478754
0,00635	-0,047907
0,0064	-0,0478754
0,00645	-0,0479696
0,0065	-0,0479538
0,00655	-0,0480168
0,0066	-0,0478596
0,00665	-0,0479226
0,0067	-0,0478754
0,00675	-0,047954
0,0068	-0,048001
0,00685	-0,04775
0,0069	-0,0479852
0,00695	-0,0479696
0,007	-0,0479538
0,00705	-0,0478284
0,0071	-0,0478912
0,00715	-0,047907
0,0072	-0,0478284
0,00725	-0,0479224
0,0073	-0,0478286
0,00735	-0,0478754
0,0074	-0,0479068
0,00745	-0,0478284
0,0075	-0,0479696
0,00755	-0,0478442
0,0076	-0,048001
0,00765	-0,0479852
0,0077	-0,047797
0,00775	-0,047797
0,0078	-0,0477346
0,00785	-0,0477188
0,0079	-0,0478598
0,00795	-0,047813
0,008	-0,0478282
0,00805	-0,0478128
0,0081	-0,047813
0,00815	-0,0477188
0,0082	-0,0477972
0,00825	-0,0476874
0,0083	-0,0475934
0,00835	-0,0477972
0,0084	-0,0477814
0,00845	-0,0477188
0,0085	-0,047844
0,00855	-0,0477502
0,0086	-0,0478756
0,00865	-0,047844
0,0087	-0,0478598
0,00875	-0,047797
0,0088	-0,047703
0,00885	-0,0477344
0,0089	-0,0477972
0,00895	-0,0476088
0,009	-0,047609
0,00905	-0,0477498
0,0091	-0,047797
0,00915	-0,0478912
0,0092	-0,0479694
0,00925	-0,047907
0,0093	-0,0479384
0,00935	-0,047938
0,0094	-0,0479382
0,00945	-0,0478442
0,0095	-0,0478282
0,00955	-0,0480008
0,0096	-0,0479852
0,00965	-0,048001
0,0097	-0,0479224
0,00975	-0,0480008
0,0098	-0,0479854
0,00985	-0,047797
0,0099	-0,0478912
0,00995	-0,047797
0,01	-0,0478442
0,01005	-0,0478756
0,0101	-0,0477814
0,01015	-0,0478442
0,0102	-0,0477186
0,01025	-0,0478284
0,0103	-0,0477972
0,01035	-0,0477344
0,0104	-0,0476874
0,01045	-0,0474992
0,0105	-0,0477188
0,01055	-0,0476246
0,0106	-0,0476246
0,01065	-0,0474208
0,0107	-0,047358
0,01075	-0,0474522
0,0108	-0,0474678
0,01085	-0,047593
0,0109	-0,0474992
0,01095	-0,0474992
0,011	-0,0475148
0,01105	-0,0474834
0,0111	-0,0475618
0,01115	-0,047562
0,0112	-0,0476246
0,01125	-0,0475618
0,0113	-0,0475306
0,01135	-0,0476092
0,0114	-0,0474678
0,01145	-0,047609
0,0115	-0,0474834
0,01155	-0,0475776
0,0116	-0,0475462
0,01165	-0,0475306
0,0117	-0,0475932
0,01175	-0,0476086
0,0118	-0,0475776
0,01185	-0,0475774
0,0119	-0,047515
0,01195	-0,0475932
0,012	-0,047609
0,01205	-0,0476246
0,0121	-0,0475934
0,01215	-0,0476246
0,0122	-0,0476718
0,01225	-0,0476246
0,0123	-0,0475464
0,01235	-0,0475462
0,0124	-0,047546
0,01245	-0,0474678
0,0125	-0,0474678
0,01255	-0,0474364
0,0126	-0,047499
0,01265	-0,0474206
0,0127	-0,0475462
0,01275	-0,047358
0,0128	-0,0474678
0,01285	-0,0472796
0,0129	-0,0473738
0,01295	-0,0474678
0,013	-0,0474366
0,01305	-0,047311
0,0131	-0,0473738
0,01315	-0,0474052
0,0132	-0,0474052
0,01325	-0,0473422
0,0133	-0,0473738
0,01335	-0,0473424
0,0134	-0,047311
0,01345	-0,0473268
0,0135	-0,0472326
0,01355	-0,04717
0,0136	-0,0472796
0,01365	-0,0473582
0,0137	-0,0473894
0,01375	-0,0474364
0,0138	-0,0474208
0,01385	-0,0474676
0,0139	-0,0473422
0,01395	-0,0474206
0,014	-0,0473892
0,01405	-0,0473738
0,0141	-0,0473894
0,01415	-0,0473422
0,0142	-0,0474676
0,01425	-0,0473266
0,0143	-0,0473112
0,01435	-0,0474366
0,0144	-0,0473112
0,01445	-0,0472798
0,0145	-0,047217
0,01455	-0,0472014
0,0146	-0,0472798
0,01465	-0,0472952
0,0147	-0,0473422
0,01475	-0,0472172
0,0148	-0,0472954
0,01485	-0,0473896
0,0149	-0,0473266
0,01495	-0,047311
0,015	-0,0471856
0,01505	-0,0471072
0,0151	-0,0472168
0,01515	-0,0471228
0,0152	-0,0470286
0,01525	-0,0470446
0,0153	-0,04706
0,01535	-0,0471072
0,0154	-0,046966
0,01545	-0,0470446
0,0155	-0,0470448
0,01555	-0,0470758
0,0156	-0,0472012
0,01565	-0,0470134
0,0157	-0,04706
0,01575	-0,047076
0,0158	-0,0471384
0,01585	-0,0472012
0,0159	-0,047201
0,01595	-0,0470756
0,016	-0,0471386
0,01605	-0,0471856
0,0161	-0,0472642
0,01615	-0,0471542
0,0162	-0,047076
0,01625	-0,0471856
0,0163	-0,0470756
0,01635	-0,047076
0,0164	-0,0470762
0,01645	-0,0469818
0,0165	-0,047107
0,01655	-0,047123
0,0166	-0,0471388
0,01665	-0,0470916
0,0167	-0,0470288
0,01675	-0,0470288
0,0168	-0,0470446
0,01685	-0,047013
0,0169	-0,0468722
0,01695	-0,0469034
0,017	-0,0469504
0,01705	-0,0468878
0,0171	-0,0469032
0,01715	-0,046919
0,0172	-0,046825
0,01725	-0,046872
0,0173	-0,0469034
0,01735	-0,0469188
0,0174	-0,0468562
0,01745	-0,0468408
0,0175	-0,047013
0,01755	-0,0470134
0,0176	-0,0470446
0,01765	-0,0469506
0,0177	-0,046966
0,01775	-0,047013
0,0178	-0,0469662
0,01785	-0,0469346
0,0179	-0,0468094
0,01795	-0,046872
0,018	-0,0469034
0,01805	-0,0468406
0,0181	-0,0469194
0,01815	-0,0468564
0,0182	-0,0469504
0,01825	-0,0470444
0,0183	-0,0470132
0,01835	-0,0470288
0,0184	-0,0469974
0,01845	-0,0469662
0,0185	-0,04706
0,01855	-0,0470448
0,0186	-0,0470444
0,01865	-0,0470604
0,0187	-0,0471386
0,01875	-0,0471072
0,0188	-0,047029
0,01885	-0,047013
0,0189	-0,0469976
0,01895	-0,0470446
0,019	-0,0469502
0,01905	-0,0468876
0,0191	-0,0468722
0,01915	-0,0469974
0,0192	-0,0470288
0,01925	-0,0469348
0,0193	-0,0469504
0,01935	-0,0468094
0,0194	-0,046888
0,01945	-0,0469194
0,0195	-0,0468564
0,01955	-0,0468406
0,0196	-0,0468878
0,01965	-0,046825
0,0197	-0,0466998
0,01975	-0,046731
0,0198	-0,0466996
0,01985	-0,0466684
0,0199	-0,046825
0,01995	-0,046778
0,02	-0,046825
0,02005	-0,0467306
0,0201	-0,0468878
0,02015	-0,046825
0,0202	-0,0468252
0,02025	-0,0467624
0,0203	-0,0467778
0,02035	-0,0467466
0,0204	-0,0467624
0,02045	-0,046684
0,0205	-0,0466996
0,02055	-0,0466368
0,0206	-0,046715
0,02065	-0,0467154
0,0207	-0,0466838
0,02075	-0,0466996
0,0208	-0,0466526
0,02085	-0,0466056
0,0209	-0,0466996
0,02095	-0,0466366
0,021	-0,0466682
0,02105	-0,0466214
0,0211	-0,0467624
0,02115	-0,0468094
0,0212	-0,0467622
0,02125	-0,0466526
0,0213	-0,0467466
0,02135	-0,0466368
0,0214	-0,0466684
0,02145	-0,0465898
0,0215	-0,0465116
0,02155	-0,0464958
0,0216	-0,0464488
0,02165	-0,0464958
0,0217	-0,0464488
0,02175	-0,0464646
0,0218	-0,0464486
0,02185	-0,0464802
0,0219	-0,0465586
0,02195	-0,0464644
0,022	-0,0464646
0,02205	-0,0465272
0,0221	-0,046527
0,02215	-0,0466526
0,0222	-0,0465272
0,02225	-0,0465114
0,0223	-0,0466524
0,02235	-0,046543
0,0224	-0,0465586
0,02245	-0,0464332
0,0225	-0,0463862
0,02255	-0,046386
0,0226	-0,0463546
0,02265	-0,0465274
0,0227	-0,0464644
0,02275	-0,0465582
0,0228	-0,0466526
0,02285	-0,0464958
0,0229	-0,0466212
0,02295	-0,0465584
0,023	-0,0465428
0,02305	-0,0465584
0,0231	-0,0464332
0,02315	-0,0466524
0,0232	-0,0465114
0,02325	-0,046621
0,0233	-0,0466526
0,02335	-0,0464172
0,0234	-0,04659
0,02345	-0,046386
0,0235	-0,0464958
0,02355	-0,0464642
0,0236	-0,0464018
0,02365	-0,046433
0,0237	-0,046292
0,02375	-0,046433
0,0238	-0,0464644
0,02385	-0,0463076
0,0239	-0,046386
0,02395	-0,0463706
0,024	-0,0463858
0,02405	-0,046292
0,0241	-0,0462136
0,02415	-0,0462138
0,0242	-0,0461352
0,02425	-0,046198
0,0243	-0,046182
0,02435	-0,0461038
0,0244	-0,0460568
0,02445	-0,0461666
0,0245	-0,0463074
0,02455	-0,0462922
0,0246	-0,046151
0,02465	-0,0461978
0,0247	-0,0461666
0,02475	-0,0462606
0,0248	-0,0462918
0,02485	-0,046151
0,0249	-0,0461668
0,02495	-0,046151
0,025	-0,046198
0,02505	-0,046245
0,0251	-0,046104
0,02515	-0,0460724
0,0252	-0,0461978
0,02525	-0,0461036
0,0253	-0,0461506
0,02535	-0,0460882
0,0254	-0,0460568
0,02545	-0,0461038
0,0255	-0,046057
0,02555	-0,0462138
0,0256	-0,0461824
0,02565	-0,0461196
0,0257	-0,0462134
0,02575	-0,0462138
0,0258	-0,0462762
0,02585	-0,0461666
0,0259	-0,0462606
0,02595	-0,0462292
0,026	-0,0460566
0,02605	-0,0461978
0,0261	-0,04601
0,02615	-0,0461822
0,0262	-0,0461666
0,02625	-0,0460726
0,0263	-0,0461664
0,02635	-0,04601
0,0264	-0,0462134
0,02645	-0,0461978
0,0265	-0,0461198
0,02655	-0,0462764
0,0266	-0,046151
0,02665	-0,0462918
0,0267	-0,046088
0,02675	-0,0461196
0,0268	-0,046198
0,02685	-0,0461196
0,0269	-0,0461508
0,02695	-0,0460412
0,027	-0,0460568
0,02705	-0,0460412
0,0271	-0,0459786
0,02715	-0,0461038
0,0272	-0,0461038
0,02725	-0,0461196
0,0273	-0,0461978
0,02735	-0,046041
0,0274	-0,0461038
0,02745	-0,0461664
0,0275	-0,0461352
0,02755	-0,0461666
0,0276	-0,0461512
0,02765	-0,0461352
0,0277	-0,046151
0,02775	-0,046104
0,0278	-0,0461508
0,02785	-0,0461508
0,0279	-0,0461194
0,02795	-0,0461668
0,028	-0,046088
0,02805	-0,0459942
0,0281	-0,0461354
0,02815	-0,0460566
0,0282	-0,0461038
0,02825	-0,0460096
0,0283	-0,0460412
0,02835	-0,045994
0,0284	-0,0458372
0,02845	-0,0461196
0,0285	-0,0459314
0,02855	-0,0459786
0,0286	-0,045947
0,02865	-0,045806
0,0287	-0,0458842
0,02875	-0,0457272
0,0288	-0,0458372
0,02885	-0,045853
0,0289	-0,0456646
0,02895	-0,045806
0,029	-0,0457588
0,02905	-0,0459158
0,0291	-0,0458842
0,02915	-0,0456334
0,0292	-0,0459158
0,02925	-0,0456962
0,0293	-0,0459472
0,02935	-0,0459
0,0294	-0,0455708
0,02945	-0,0457276
0,0295	-0,0455236
0,02955	-0,0458372
0,0296	-0,0456804
0,02965	-0,045571
0,0297	-0,0456336
0,02975	-0,045555
0,0298	-0,0456178
0,02985	-0,045649
0,0299	-0,045508
0,02995	-0,0454766
0,03	-0,0455078
0,03005	-0,0455706
0,0301	-0,0456962
0,03015	-0,0455866
0,0302	-0,0456492
0,03025	-0,045743
0,0303	-0,045696
0,03035	-0,0456962
0,0304	-0,0456494
0,03045	-0,0455864
0,0305	-0,0455392
0,03055	-0,0455238
0,0306	-0,0455864
0,03065	-0,0455236
0,0307	-0,0454922
0,03075	-0,0455238
0,0308	-0,0454452
0,03085	-0,0455394
0,0309	-0,045508
0,03095	-0,0455394
0,031	-0,0456022
0,03105	-0,0454768
0,0311	-0,045602
0,03115	-0,0455864
0,0312	-0,045649
0,03125	-0,0455864
0,0313	-0,0455082
0,03135	-0,0457274
0,0314	-0,0455708
0,03145	-0,0455864
0,0315	-0,0456804
0,03155	-0,0454924
0,0316	-0,0456804
0,03165	-0,0454612
0,0317	-0,0456334
0,03175	-0,045649
0,0318	-0,0454454
0,03185	-0,045665
0,0319	-0,0455394
0,03195	-0,0457592
0,032	-0,0456964
0,03205	-0,0455238
0,0321	-0,0456336
0,03215	-0,0454766
0,0322	-0,0456648
0,03225	-0,0456962
0,0323	-0,045555
0,03235	-0,0457432
0,0324	-0,0454766
0,03245	-0,045602
0,0325	-0,0454456
0,03255	-0,0453356
0,0326	-0,0454924
0,03265	-0,045304
0,0327	-0,045555
0,03275	-0,0454768
0,0328	-0,0453512
0,03285	-0,0454136
0,0329	-0,045477
0,03295	-0,0454764
0,033	-0,0454454
0,03305	-0,045367
0,0331	-0,0455394
0,03315	-0,0453668
0,0332	-0,0453824
0,03325	-0,0453984
0,0333	-0,0452728
0,03335	-0,0452572
0,0334	-0,0451944
0,03345	-0,0451004
0,0335	-0,0453356
0,03355	-0,045163
0,0336	-0,0452886
0,03365	-0,0452258
0,0337	-0,0451944
0,03375	-0,045257
0,0338	-0,0450848
0,03385	-0,0452418
0,0339	-0,0452416
0,03395	-0,0451004
0,034	-0,0451788
0,03405	-0,0450064
0,0341	-0,0452102
0,03415	-0,04521
0,0342	-0,0450692
0,03425	-0,0451788
0,0343	-0,0449438
0,03435	-0,0451004
0,0344	-0,0450532
0,03445	-0,045022
0,0345	-0,0451004
0,03455	-0,045022
0,0346	-0,045179
0,03465	-0,045163
0,0347	-0,0449592
0,03475	-0,0451946
0,0348	-0,0450848
0,03485	-0,0452256
0,0349	-0,045069
0,03495	-0,0450222
0,035	-0,0451006
0,03505	-0,0448966
0,0351	-0,0450688
0,03515	-0,045116
0,0352	-0,044928
0,03525	-0,0451318
0,0353	-0,045069
0,03535	-0,0450848
0,0354	-0,0451632
0,03545	-0,0450062
0,0355	-0,0451316
0,03555	-0,0450848
0,0356	-0,0450848
0,03565	-0,0451476
0,0357	-0,0451476
0,03575	-0,0451944
0,0358	-0,045163
0,03585	-0,0451632
0,0359	-0,0451474
0,03595	-0,0450378
0,036	-0,0451474
0,03605	-0,0450376
0,0361	-0,0450062
0,03615	-0,0450848
0,0362	-0,0451318
0,03625	-0,0451948
0,0363	-0,0451944
0,03635	-0,0451318
0,0364	-0,045367
0,03645	-0,0452416
0,0365	-0,04532
0,03655	-0,0453356
0,0366	-0,0451946
0,03665	-0,0453512
0,0367	-0,0453044
0,03675	-0,0453198
0,0368	-0,0453044
0,03685	-0,0451788
0,0369	-0,0452884
0,03695	-0,0451318
0,037	-0,0450848
0,03705	-0,0452256
0,0371	-0,0449594
0,03715	-0,0452258
0,0372	-0,0450062
0,03725	-0,0451158
0,0373	-0,0450692
0,03735	-0,0449592
0,0374	-0,0451004
0,03745	-0,0449752
0,0375	-0,0450376
0,03755	-0,045038
0,0376	-0,0448652
0,03765	-0,0449908
0,0377	-0,0447396
0,03775	-0,044928
0,0378	-0,0448338
0,03785	-0,0446774
0,0379	-0,04463
0,03795	-0,0445832
0,038	-0,044646
0,03805	-0,0447242
0,0381	-0,0446928
0,03815	-0,0447086
0,0382	-0,0445988
0,03825	-0,0447086
0,0383	-0,0447242
0,03835	-0,0447084
0,0384	-0,0447556
0,03845	-0,0445672
0,0385	-0,0446144
0,03855	-0,044677
0,0386	-0,0446146
0,03865	-0,044505
0,0387	-0,0446146
0,03875	-0,0444422
0,0388	-0,0446458
0,03885	-0,0445674
0,0389	-0,0446926
0,03895	-0,0446614
0,039	-0,0444734
0,03905	-0,0445518
0,0391	-0,0444264
0,03915	-0,044583
0,0392	-0,0447556
0,03925	-0,0445048
0,0393	-0,0448338
0,03935	-0,0445674
0,0394	-0,04463
0,03945	-0,0445988
0,0395	-0,0443164
0,03955	-0,0444106
0,0396	-0,0442852
0,03965	-0,0443792
0,0397	-0,0443794
0,03975	-0,044238
0,0398	-0,0443636
0,03985	-0,0442226
0,0399	-0,0443792
0,03995	-0,044379
0,04	-0,0442852
0,04005	-0,0443636
0,0401	-0,044332
0,04015	-0,0444734
0,0402	-0,0445358
0,04025	-0,044536
0,0403	-0,0446142
0,04035	-0,0444732
0,0404	-0,0445516
0,04045	-0,044583
0,0405	-0,0444418
0,04055	-0,0444262
0,0406	-0,0443636
0,04065	-0,0443792
0,0407	-0,0443948
0,04075	-0,0443164
0,0408	-0,0443792
0,04085	-0,0443636
0,0409	-0,0443948
0,04095	-0,0444418
0,041	-0,0443324
0,04105	-0,0443948
0,0411	-0,044348
0,04115	-0,044301
0,0412	-0,0444732
0,04125	-0,0442854
0,0413	-0,0444106
0,04135	-0,0444418
0,0414	-0,0442538
0,04145	-0,0444576
0,0415	-0,0443008
0,04155	-0,0444732
0,0416	-0,0443792
0,04165	-0,0442538
0,0417	-0,0443478
0,04175	-0,0441126
0,0418	-0,0441754
0,04185	-0,0441752
0,0419	-0,044144
0,04195	-0,0443478
0,042	-0,0440812
0,04205	-0,0442224
0,0421	-0,0441912
0,04215	-0,0440968
0,0422	-0,0440188
0,04225	-0,0438932
0,0423	-0,0439716
0,04235	-0,0439716
0,0424	-0,0438304
0,04245	-0,043956
0,0425	-0,0439088
0,04255	-0,0440186
0,0426	-0,044097
0,04265	-0,044097
0,0427	-0,0441442
0,04275	-0,0440814
0,0428	-0,0440656
0,04285	-0,044097
0,0429	-0,0440344
0,04295	-0,0440968
0,043	-0,0440186
0,04305	-0,0440814
0,0431	-0,0442696
0,04315	-0,0441438
0,0432	-0,0442224
0,04325	-0,04405
0,0433	-0,0440186
0,04335	-0,0440656
0,0434	-0,0440656
0,04345	-0,0439716
0,0435	-0,044003
0,04355	-0,0439716
0,0436	-0,044003
0,04365	-0,0439402
0,0437	-0,0439558
0,04375	-0,044003
0,0438	-0,0438616
0,04385	-0,0439872
0,0439	-0,0440344
0,04395	-0,0439246
0,044	-0,0440186
0,04405	-0,0437206
0,0441	-0,043862
0,04415	-0,0438304
0,0442	-0,0438306
0,04425	-0,0438932
0,0443	-0,0437362
0,04435	-0,0437992
0,0444	-0,0436266
0,04445	-0,0438776
0,0445	-0,043909
0,04455	-0,0437206
0,0446	-0,0437992
0,04465	-0,0437832
0,0447	-0,0438776
0,04475	-0,0439558
0,0448	-0,043846
0,04485	-0,043846
0,0449	-0,0438462
0,04495	-0,0438774
0,045	-0,0438464
0,04505	-0,0437364
0,0451	-0,0437676
0,04515	-0,0437364
0,0452	-0,0437988
0,04525	-0,0438774
0,0453	-0,0438302
0,04535	-0,0438462
0,0454	-0,0437834
0,04545	-0,0439714
0,0455	-0,043862
0,04555	-0,0437834
0,0456	-0,0438618
0,04565	-0,043799
0,0457	-0,0437992
0,04575	-0,0438148
0,0458	-0,0437522
0,04585	-0,0438776
0,0459	-0,0438618
0,04595	-0,0437834
0,046	-0,0438462
0,04605	-0,0435954
0,0461	-0,043705
0,04615	-0,0436894
0,0462	-0,0435482
0,04625	-0,0436108
0,0463	-0,043564
0,04635	-0,0435952
0,0464	-0,0437052
0,04645	-0,0435952
0,0465	-0,043658
0,04655	-0,043517
0,0466	-0,0435168
0,04665	-0,0436268
0,0467	-0,0433446
0,04675	-0,0434854
0,0468	-0,0434228
0,04685	-0,043407
0,0469	-0,0433914
0,04695	-0,0433758
0,047	-0,0433758
0,04705	-0,0432504
0,0471	-0,0433288
0,04715	-0,043423
0,0472	-0,0433132
0,04725	-0,0433444
0,0473	-0,043329
0,04735	-0,0433758
0,0474	-0,043376
0,04745	-0,043266
0,0475	-0,0432816
0,04755	-0,0432348
0,0476	-0,0432818
0,04765	-0,0433602
0,0477	-0,0432034
0,04775	-0,0433132
0,0478	-0,043172
0,04785	-0,043172
0,0479	-0,0431562
0,04795	-0,0431878
0,048	-0,0432818
0,04805	-0,0432034
0,0481	-0,0432818
0,04815	-0,0433288
0,0482	-0,043282
0,04825	-0,0432976
0,0483	-0,04336
0,04835	-0,0433132
0,0484	-0,0432974
0,04845	-0,0433444
0,0485	-0,0433132
0,04855	-0,0432816
0,0486	-0,0432032
0,04865	-0,0433758
0,0487	-0,0431876
0,04875	-0,0432502
0,0488	-0,0431876
0,04885	-0,0430936
0,0489	-0,0432188
0,04895	-0,0431092
0,049	-0,0431876
0,04905	-0,043078
0,0491	-0,0430154
0,04915	-0,0430466
0,0492	-0,0430466
0,04925	-0,0431094
0,0493	-0,0431406
0,04935	-0,0430624
0,0494	-0,0430466
0,04945	-0,0430466
0,0495	-0,0431406
0,04955	-0,0431406
0,0496	-0,0429214
0,04965	-0,0429056
0,0497	-0,0428428
0,04975	-0,0429212
0,0498	-0,0429056
0,04985	-0,042874
0,0499	-0,0428428
0,04995	-0,0429056
0,05	-0,0430936
0,05005	-0,042968
0,0501	-0,0429838
0,05015	-0,0429524
0,0502	-0,0430152
0,05025	-0,0430466
0,0503	-0,0430308
0,05035	-0,0428898
0,0504	-0,0429368
0,05045	-0,0429368
0,0505	-0,042937
0,05055	-0,0429684
0,0506	-0,0428742
0,05065	-0,0428584
0,0507	-0,0428586
0,05075	-0,042733
0,0508	-0,0428742
0,05085	-0,0427484
0,0509	-0,042733
0,05095	-0,0427328
0,051	-0,04278
0,05105	-0,0427484
0,0511	-0,0427176
0,05115	-0,042686
0,0512	-0,04278
0,05125	-0,0425604
0,0513	-0,0426388
0,05135	-0,042341
0,0514	-0,0423724
0,05145	-0,0424508
0,0515	-0,0423566
0,05155	-0,0424508
0,0516	-0,0424194
0,05165	-0,0424506
0,0517	-0,042435
0,05175	-0,0423566
0,0518	-0,0425292
0,05185	-0,0423568
0,0519	-0,042498
0,05195	-0,042545
0,052	-0,0423724
0,05205	-0,0425134
0,0521	-0,0423882
0,05215	-0,0425134
0,0522	-0,0425136
0,05225	-0,042388
0,0523	-0,0425292
0,05235	-0,042341
0,0524	-0,042498
0,05245	-0,0424038
0,0525	-0,0422312
0,05255	-0,042435
0,0526	-0,042388
0,05265	-0,042341
0,0527	-0,0424194
0,05275	-0,0423412
0,0528	-0,0424194
0,05285	-0,0423096
0,0529	-0,0424194
0,05295	-0,0425762
0,053	-0,042341
0,05305	-0,0423726
0,0531	-0,0422156
0,05315	-0,042247
0,0532	-0,0422782
0,05325	-0,0422154
0,0533	-0,0423408
0,05335	-0,0421842
0,0534	-0,0421688
0,05345	-0,042106
0,0535	-0,0421686
0,05355	-0,0420902
0,0536	-0,0420744
0,05365	-0,0420744
0,0537	-0,0421844
0,05375	-0,0421528
0,0538	-0,0421216
0,05385	-0,0421058
0,0539	-0,0420744
0,05395	-0,0421216
0,054	-0,0420116
0,05405	-0,0421058
0,0541	-0,0420432
0,05415	-0,041949
0,0542	-0,0418392
0,05425	-0,0419332
0,0543	-0,041902
0,05435	-0,0420274
0,0544	-0,0419648
0,05445	-0,041918
0,0545	-0,041855
0,05455	-0,0417924
0,0546	-0,041855
0,05465	-0,0417924
0,0547	-0,0418238
0,05475	-0,0418706
0,0548	-0,0418706
0,05485	-0,0419018
0,0549	-0,0417296
0,05495	-0,041918
0,055	-0,0418392
0,05505	-0,0417766
0,0551	-0,041808
0,05515	-0,0416668
0,0552	-0,041855
0,05525	-0,0417296
0,0553	-0,0417138
0,05535	-0,0417922
0,0554	-0,0416826
0,05545	-0,041651
0,0555	-0,0415256
0,05555	-0,0415572
0,0556	-0,0415258
0,05565	-0,0414004
0,0557	-0,0415416
0,05575	-0,0413692
0,0558	-0,0413376
0,05585	-0,041275
0,0559	-0,0411968
0,05595	-0,0412436
0,056	-0,0410556
0,05605	-0,0409926
0,0561	-0,0409926
0,05615	-0,0409614
0,0562	-0,0410554
0,05625	-0,0410084
0,0563	-0,040993
0,05635	-0,0409616
0,0564	-0,040883
0,05645	-0,0410866
0,0565	-0,0410554
0,05655	-0,0409614
0,0566	-0,0410556
0,05665	-0,0410712
0,0567	-0,0410552
0,05675	-0,0409926
0,0568	-0,0410242
0,05685	-0,0408048
0,0569	-0,0408204
0,05695	-0,0409142
0,057	-0,0407732
0,05705	-0,0408828
0,0571	-0,0408046
0,05715	-0,0407732
0,0572	-0,0407576
0,05725	-0,0407262
0,0573	-0,0406794
0,05735	-0,0407576
0,0574	-0,0407262
0,05745	-0,040585
0,0575	-0,0406948
0,05755	-0,0406634
0,0576	-0,0405382
0,05765	-0,0405222
0,0577	-0,0403656
0,05775	-0,0403812
0,0578	-0,0402088
0,05785	-0,0401618
0,0579	-0,040052
0,05795	-0,0399892
0,058	-0,0398326
0,05805	-0,0395502
0,0581	-0,0393308
0,05815	-0,039174
0,0582	-0,0388606
0,05825	-0,0386564
0,0583	-0,0381708
0,05835	-0,0379042
0,0584	-0,0376376
0,05845	-0,0371204
0,0585	-0,0368224
0,05855	-0,0361796
0,0586	-0,035756
0,05865	-0,0351132
0,0587	-0,0345018
0,05875	-0,033859
0,0588	-0,0331536
0,05885	-0,0324482
0,0589	-0,0317584
0,05895	-0,0310996
0,059	-0,0303314
0,05905	-0,0295476
0,0591	-0,0289672
0,05915	-0,0280896
0,0592	-0,0274152
0,05925	-0,0265062
0,0593	-0,0256752
0,05935	-0,0250006
0,0594	-0,024217
0,05945	-0,0233388
0,0595	-0,0225236
0,05955	-0,0218338
0,0596	-0,0210188
0,05965	-0,0201566
0,0597	-0,019435
0,05975	-0,0186196
0,0598	-0,0178986
0,05985	-0,017083
0,0599	-0,016472
0,05995	-0,0157036
0,06	-0,0149668
0,06005	-0,014277
0,0601	-0,0134618
0,06015	-0,0128814
0,0602	-0,0121602
0,06025	-0,0114392
0,0603	-0,0108588
0,06035	-0,0100908
0,0604	-0,0095264
0,06045	-0,0087736
0,0605	-0,0081782
0,06055	-0,0075666
0,0606	-0,0069236
0,06065	-0,006375
0,0607	-0,0057322
0,06075	-0,005262
0,0608	-0,0047446
0,06085	-0,0042272
0,0609	-0,0038196
0,06095	-0,0031298
0,061	-0,0027534
0,06105	-0,0023302
0,0611	-0,0019226
0,06115	-0,0015776
0,0612	-0,0011386
0,06125	-0,000919
0,0613	-0,0003704
0,06135	-8,84E-05
0,0614	0,0003038
0,06145	0,0006488
0,0615	0,0009938
0,06155	0,0012444
0,0616	0,0014482
0,06165	0,0018718
0,0617	0,0021538
0,06175	0,002342
0,0618	0,002593
0,06185	0,0027654
0,0619	0,0031576
0,06195	0,0033298
0,062	0,0035178
0,06205	0,0038158
0,0621	0,004051
0,06215	0,0043176
0,0622	0,0044744
0,06225	0,0047094
0,0623	0,0048976
0,06235	0,0050856
0,0624	0,0053836
0,06245	0,0055562
0,0625	0,005744
0,06255	0,005697
0,0626	0,0059638
0,06265	0,0060894
0,0627	0,006199
0,06275	0,0064342
0,0628	0,0064342
0,06285	0,0067006
0,0629	0,006763
0,06295	0,0068574
0,063	0,0070298
0,06305	0,0070924
0,0631	0,0073748
0,06315	0,0073432
0,0632	0,0074844
0,06325	0,0076568
0,0633	0,0076256
0,06335	0,0077822
0,0634	0,007751
0,06345	0,0078452
0,0635	0,007845
0,06355	0,0077508
0,0636	0,007845
0,06365	0,0078764
0,0637	0,0079236
0,06375	0,0079392
0,0638	0,0079704
0,06385	0,008096
0,0639	0,008002
0,06395	0,008049
0,064	0,0081116
0,06405	0,008237
0,0641	0,008331
0,06415	0,0082214
0,0642	0,0082212
0,06425	0,0082996
0,0643	0,0083938
0,06435	0,0083782
0,0644	0,0083154
0,06445	0,0083468
0,0645	0,0083624
0,06455	0,0085662
0,0646	0,008488
0,06465	0,0082996
0,0647	0,0083626
0,06475	0,008488
0,0648	0,0084566
0,06485	0,0084722
0,0649	0,0085192
0,06495	0,0084878
0,065	0,0086288
0,06505	0,008582
0,0651	0,008535
0,06515	0,0085976
0,0652	0,0085036
0,06525	0,0085192
0,0653	0,0084412
0,06535	0,008331
0,0654	0,0083936
0,06545	0,008284
0,0655	0,0084564
0,06555	0,0083152
0,0656	0,0082526
0,06565	0,008284
0,0657	0,0083154
0,06575	0,008441
0,0658	0,0082528
0,06585	0,0082684
0,0659	0,0082528
0,06595	0,0081274
0,066	0,0081586
0,06605	0,008143
0,0661	0,0081744
0,06615	0,0080488
0,0662	0,0080176
0,06625	0,0081432
0,0663	0,008049
0,06635	0,0081116
0,0664	0,008033
0,06645	0,0079862
0,0665	0,0080176
0,06655	0,0077508
0,0666	0,0078134
0,06665	0,0078294
0,0667	0,0078764
0,06675	0,0079078
0,0668	0,0077664
0,06685	0,007751
0,0669	0,0078136
0,06695	0,0077354
0,067	0,0076726
0,06705	0,0076258
0,0671	0,0075316
0,06715	0,0075942
0,0672	0,0074532
0,06725	0,0074534
0,0673	0,007453
0,06735	0,0072652
0,0674	0,0073276
0,06745	0,0073746
0,0675	0,0072964
0,06755	0,007124
0,0676	0,0069984
0,06765	0,0071396
0,0677	0,0070142
0,06775	0,0070142
0,0678	0,0071082
0,06785	0,0069202
0,0679	0,0069984
0,06795	0,0068574
0,068	0,0068416
0,06805	0,0067006
0,0681	0,0065598
0,06815	0,006575
0,0682	0,0064654
0,06825	0,0064968
0,0683	0,0065126
0,06835	0,0064026
0,0684	0,0064342
0,06845	0,0063712
0,0685	0,0062616
0,06855	0,006152
0,0686	0,0060732
0,06865	0,0061048
0,0687	0,0060578
0,06875	0,0061206
0,0688	0,0060892
0,06885	0,0059948
0,0689	0,0060264
0,06895	0,0058696
0,069	0,0059168
0,06905	0,0059166
0,0691	0,005807
0,06915	0,00565
0,0692	0,0056186
0,06925	0,0056972
0,0693	0,005509
0,06935	0,005368
0,0694	0,005462
0,06945	0,0054306
0,0695	0,0054306
0,06955	0,0053836
0,0696	0,005431
0,06965	0,0052422
0,0697	0,005164
0,06975	0,00507
0,0698	0,0050384
0,06985	0,0049288
0,0699	0,0049602
0,06995	0,004866
0,07	0,004725
0,07005	0,0048034
0,0701	0,0046938
0,07015	0,0046466
0,0702	0,0046152
0,07025	0,00449
0,0703	0,004631
0,07035	0,0044116
0,0704	0,0044586
0,07045	0,0043644
0,0705	0,0042076
0,07055	0,0044116
0,0706	0,004208
0,07065	0,0042546
0,0707	0,0041764
0,07075	0,0040352
0,0708	0,0041292
0,07085	0,0039724
0,0709	0,003957
0,07095	0,0038
0,071	0,0037688
0,07105	0,0038312
0,0711	0,003659
0,07115	0,0038
0,0712	0,0037216
0,07125	0,0036592
0,0713	0,003612
0,07135	0,0034864
0,0714	0,003455
0,07145	0,003424
0,0715	0,0032826
0,07155	0,0033452
0,0716	0,0032514
0,07165	0,0033142
0,0717	0,0032356
0,07175	0,0030946
0,0718	0,0030946
0,07185	0,0029848
0,0719	0,0028124
0,07195	0,0028596
0,072	0,0027654
0,07205	0,002734
0,0721	0,0027182
0,07215	0,0026556
0,0722	0,0025928
0,07225	0,0026398
0,0723	0,0026556
0,07235	0,0025298
0,0724	0,0025144
0,07245	0,002624
0,0725	0,0023736
0,07255	0,0023108
0,0726	0,0021382
0,07265	0,00206
0,0727	0,0022636
0,07275	0,001997
0,0728	0,0020756
0,07285	0,0019658
0,0729	0,0018716
0,07295	0,0019342
0,073	0,001762
0,07305	0,001809
0,0731	0,0017306
0,07315	0,0016992
0,0732	0,0017934
0,07325	0,0016208
0,0733	0,0016054
0,07335	0,0015736
0,0734	0,0014952
0,07345	0,0016522
0,0735	0,0014012
0,07355	0,0013856
0,0736	0,00137
0,07365	0,00126
0,0737	0,00126
0,07375	0,001072
0,0738	0,0011504
0,07385	0,001025
0,0739	0,0010566
0,07395	0,0010564
0,074	0,0009308
0,07405	0,0010564
0,0741	0,0010564
0,07415	0,0008996
0,0742	0,0010254
0,07425	0,0008056
0,0743	0,0006958
0,07435	0,0006956
0,0744	0,0006176
0,07445	0,0004762
0,0745	0,0003822
0,07455	0,0003194
0,0746	0,0003038
0,07465	0,0002256
0,0747	0,0001942
0,07475	0,0001316
0,0748	0,000116
0,07485	0,0001312
0,0749	-0,000041
0,07495	-8,82E-05
0,075	-0,0002292
0,07505	-0,0001508
0,0751	-0,000245
0,07515	-0,0002762
0,0752	-0,0003548
0,07525	-0,000386
0,0753	-0,0004802
0,07535	-0,0004488
0,0754	-0,00059
0,07545	-0,000684
0,0755	-0,000778
0,07555	-0,000825
0,0756	-0,0007624
0,07565	-0,0009346
0,0757	-0,0009032
0,07575	-0,0010444
0,0758	-0,0011072
0,07585	-0,0009816
0,0759	-0,001123
0,07595	-0,0012326
0,076	-0,0013268
0,07605	-0,0014208
0,0761	-0,001374
0,07615	-0,0014366
0,0762	-0,0014834
0,07625	-0,0015932
0,0763	-0,0016716
0,07635	-0,0017344
0,0764	-0,001954
0,07645	-0,0019384
0,0765	-0,0019694
0,07655	-0,0021734
0,0766	-0,0021106
0,07665	-0,0021576
0,0767	-0,002236
0,07675	-0,0023458
0,0768	-0,0024242
0,07685	-0,0023614
0,0769	-0,0024084
0,07695	-0,0025184
0,077	-0,0024556
0,07705	-0,0026124
0,0771	-0,002675
0,07715	-0,0029258
0,0772	-0,0029414
0,07725	-0,0030044
0,0773	-0,0031454
0,07735	-0,0030512
0,0774	-0,0031298
0,07745	-0,0032078
0,0775	-0,0031768
0,07755	-0,003208
0,0776	-0,0032706
0,07765	-0,0034118
0,0777	-0,0034746
0,07775	-0,0034588
0,0778	-0,003584
0,07785	-0,003506
0,0779	-0,003553
0,07795	-0,0036942
0,078	-0,0036628
0,07805	-0,0037568
0,0781	-0,0037568
0,07815	-0,0037726
0,0782	-0,0039138
0,07825	-0,0038664
0,0783	-0,0039294
0,07835	-0,0039606
0,0784	-0,004039
0,07845	-0,004039
0,0785	-0,0041174
0,07855	-0,004039
0,0786	-0,0041174
0,07865	-0,004039
0,0787	-0,0042586
0,07875	-0,004227
0,0788	-0,0042428
0,07885	-0,0043682
0,0789	-0,0043994
0,07895	-0,0045564
0,079	-0,004525
0,07905	-0,0045254
0,0791	-0,0046976
0,07915	-0,0046034
0,0792	-0,0048544
0,07925	-0,004823
0,0793	-0,0050426
0,07935	-0,005011
0,0794	-0,0049798
0,07945	-0,0051052
0,0795	-0,0049482
0,07955	-0,0051364
0,0796	-0,0052306
0,07965	-0,0051366
0,0797	-0,0053402
0,07975	-0,0052304
0,0798	-0,0054814
0,07985	-0,0054814
0,0799	-0,0054814
0,07995	-0,0055128
0,08	-0,0055128
0,08005	-0,0056384
0,0801	-0,0057168
0,08015	-0,0056538
0,0802	-0,0058264
0,08025	-0,0057634
0,0803	-0,0059988
0,08035	-0,0059832
0,0804	-0,0060146
0,08045	-0,0060616
0,0805	-0,0061244
0,08055	-0,0062496
0,0806	-0,0062654
0,08065	-0,0063124
0,0807	-0,0064066
0,08075	-0,006375
0,0808	-0,0064536
0,08085	-0,0065476
0,0809	-0,0065632
0,08095	-0,0067358
0,081	-0,00672
0,08105	-0,0067358
0,0811	-0,0068612
0,08115	-0,0067668
0,0812	-0,006908
0,08125	-0,007018
0,0813	-0,007018
0,08135	-0,0071118
0,0814	-0,0070178
0,08145	-0,0070962
0,0815	-0,0070966
0,08155	-0,0070806
0,0816	-0,0073628
0,08165	-0,0073004
0,0817	-0,0073472
0,08175	-0,0074256
0,0818	-0,00741
0,08185	-0,007551
0,0819	-0,0075352
0,08195	-0,0076608
0,082	-0,0076766
0,08205	-0,0077234
0,0821	-0,007786
0,08215	-0,0078644
0,0822	-0,0079272
0,08225	-0,0079274
0,0823	-0,007974
0,08235	-0,0080212
0,0824	-0,0080682
0,08245	-0,0080998
0,0825	-0,0081936
0,08255	-0,0081154
0,0826	-0,008225
0,08265	-0,0083192
0,0827	-0,0083348
0,08275	-0,0083664
0,0828	-0,008382
0,08285	-0,0084916
0,0829	-0,0084918
0,08295	-0,0085072
0,083	-0,0084914
0,08305	-0,0084604
0,0831	-0,0084446
0,08315	-0,008366
0,0832	-0,0085702
0,08325	-0,0086168
0,0833	-0,0086172
0,08335	-0,0087424
0,0834	-0,0088836
0,08345	-0,008915
0,0835	-0,0089464
0,08355	-0,0090248
0,0836	-0,0090716
0,08365	-0,009213
0,0837	-0,009213
0,08375	-0,0093068
0,0838	-0,0093384
0,08385	-0,0093382
0,0839	-0,0093854
0,08395	-0,0094792
0,084	-0,0095106
0,08405	-0,0094638
0,0841	-0,0096362
0,08415	-0,0097458
0,0842	-0,0097458
0,08425	-0,009793
0,0843	-0,0098556
0,08435	-0,0098244
0,0844	-0,0099498
0,08445	-0,0099498
0,0845	-0,0100912
0,08455	-0,0101536
0,0846	-0,010185
0,08465	-0,0102318
0,0847	-0,0102006
0,08475	-0,0103104
0,0848	-0,010279
0,08485	-0,0102786
0,0849	-0,0103574
0,08495	-0,0103102
0,085	-0,0105924
0,08505	-0,010467
0,0851	-0,0105926
0,08515	-0,0107024
0,0852	-0,0106236
0,08525	-0,0108906
0,0853	-0,0108434
0,08535	-0,0109688
0,0854	-0,0110942
0,08545	-0,0110474
0,0855	-0,0112352
0,08555	-0,0112512
0,0856	-0,0114548
0,08565	-0,0114078
0,0857	-0,0114862
0,08575	-0,0115178
0,0858	-0,0115962
0,08585	-0,0116272
0,0859	-0,0116744
0,08595	-0,0117686
0,086	-0,0118154
0,08605	-0,0118152
0,0861	-0,0119096
0,08615	-0,0120348
0,0862	-0,0121134
0,08625	-0,012286
0,0863	-0,0124114
0,08635	-0,0124738
0,0864	-0,0125836
0,08645	-0,012474
0,0865	-0,0126624
0,08655	-0,012756
0,0866	-0,0127876
0,08665	-0,0128974
0,0867	-0,0129286
0,08675	-0,0130228
0,0868	-0,0131166
0,08685	-0,0130226
0,0869	-0,013054
0,08695	-0,0131794
0,087	-0,0132108
0,08705	-0,0133674
0,0871	-0,0133518
0,08715	-0,013493
0,0872	-0,0134462
0,08725	-0,0136028
0,0873	-0,0136184
0,08735	-0,013681
0,0874	-0,0138066
0,08745	-0,0137596
0,0875	-0,013728
0,08755	-0,0138536
0,0876	-0,013791
0,08765	-0,0139632
0,0877	-0,0139322
0,08775	-0,0139476
0,0878	-0,01412
0,08785	-0,014026
0,0879	-0,0142768
0,08795	-0,0143552
0,088	-0,0144336
0,08805	-0,0144806
0,0881	-0,0145276
0,08815	-0,0145434
0,0882	-0,0146062
0,08825	-0,014763
0,0883	-0,0148884
0,08835	-0,0149356
0,0884	-0,0149512
0,08845	-0,0149668
0,0885	-0,0150296
0,08855	-0,0151862
0,0886	-0,0151392
0,08865	-0,0153432
0,0887	-0,015437
0,08875	-0,0154686
0,0888	-0,0155312
0,08885	-0,0155468
0,0889	-0,0157506
0,08895	-0,015751
0,089	-0,0158448
0,08905	-0,0159234
0,0891	-0,015939
0,08915	-0,0161584
0,0892	-0,0161428
0,08925	-0,0162992
0,0893	-0,0163308
0,08935	-0,016331
0,0894	-0,0164562
0,08945	-0,0164562
0,0895	-0,0166602
0,08955	-0,0165972
0,0896	-0,0167386
0,08965	-0,0168168
0,0897	-0,0168482
0,08975	-0,0168166
0,0898	-0,0170992
0,08985	-0,0170676
0,0899	-0,0172242
0,08995	-0,0173344
0,09	-0,017397
0,09005	-0,017538
0,0901	-0,0176008
0,09015	-0,0178046
0,0902	-0,0179144
0,09025	-0,017836
0,0903	-0,0179142
0,09035	-0,0179926
0,0904	-0,0180398
0,09045	-0,0180554
0,0905	-0,0180552
0,09055	-0,0181496
0,0906	-0,0181338
0,09065	-0,0183534
0,0907	-0,0184944
0,09075	-0,0185572
0,0908	-0,0186512
0,09085	-0,018761
0,0909	-0,0188706
0,09095	-0,0190744
0,091	-0,0189492
0,09105	-0,019153
0,0911	-0,019294
0,09115	-0,0194038
0,0912	-0,0195134
0,09125	-0,0194352
0,0913	-0,0195448
0,09135	-0,0197172
0,0914	-0,0197018
0,09145	-0,0198272
0,0915	-0,0197486
0,09155	-0,019968
0,0916	-0,0199836
0,09165	-0,0199994
0,0917	-0,0202036
0,09175	-0,0201408
0,0918	-0,0202818
0,09185	-0,0203288
0,0919	-0,0204542
0,09195	-0,0206108
0,092	-0,0205796
0,09205	-0,020705
0,0921	-0,0207048
0,09215	-0,0207992
0,0922	-0,0208146
0,09225	-0,0208304
0,0923	-0,0209404
0,09235	-0,0211128
0,0924	-0,021238
0,09245	-0,0212694
0,0925	-0,0214578
0,09255	-0,0215988
0,0926	-0,021693
0,09265	-0,0215988
0,0927	-0,0218024
0,09275	-0,021881
0,0928	-0,0220222
0,09285	-0,0221474
0,0929	-0,0222728
0,09295	-0,022257
0,093	-0,0223042
0,09305	-0,0223982
0,0931	-0,0225082
0,09315	-0,022367
0,0932	-0,0226962
0,09325	-0,0227432
0,0933	-0,0228372
0,09335	-0,0229784
0,0934	-0,022947
0,09345	-0,0230098
0,0935	-0,023198
0,09355	-0,0233076
0,0936	-0,0234172
0,09365	-0,0233704
0,0937	-0,0235586
0,09375	-0,023621
0,0938	-0,0237624
0,09385	-0,0239974
0,0939	-0,0237152
0,09395	-0,0239502
0,094	-0,0238564
0,09405	-0,0239976
0,0941	-0,024217
0,09415	-0,0242014
0,0942	-0,0244208
0,09425	-0,024452
0,0943	-0,0245934
0,09435	-0,0246246
0,0944	-0,02475
0,09445	-0,024891
0,0945	-0,0250164
0,09455	-0,0251106
0,0946	-0,0252202
0,09465	-0,0252516
0,0947	-0,025393
0,09475	-0,0255654
0,0948	-0,0256436
0,09485	-0,025628
0,0949	-0,0257536
0,09495	-0,0258474
0,095	-0,0258946
0,09505	-0,0259886
0,0951	-0,0261298
0,09515	-0,0262394
0,0952	-0,0263806
0,09525	-0,026506
0,0953	-0,026757
0,09535	-0,0266002
0,0954	-0,0268666
0,09545	-0,0269138
0,0955	-0,0269922
0,09555	-0,0270232
0,0956	-0,026992
0,09565	-0,0272898
0,0957	-0,0273214
0,09575	-0,027431
0,0958	-0,027353
0,09585	-0,0274936
0,0959	-0,0276192
0,09595	-0,0275566
0,096	-0,0276662
0,09605	-0,0275096
0,0961	-0,0277444
0,09615	-0,0278226
0,0962	-0,0277916
0,09625	-0,027964
0,0963	-0,02787
0,09635	-0,028152
0,0964	-0,0280896
0,09645	-0,028215
0,0965	-0,0283876
0,09655	-0,0282462
0,0966	-0,0283248
0,09665	-0,0283718
0,0967	-0,028466
0,09675	-0,0284972
0,0968	-0,028356
0,09685	-0,0286382
0,0969	-0,0288106
0,09695	-0,0288576
0,097	-0,028842
0,09705	-0,0289518
0,0971	-0,0291558
0,09715	-0,029187
0,0972	-0,0293436
0,09725	-0,0292808
0,0973	-0,0293594
0,09735	-0,0293436
0,0974	-0,0294222
0,09745	-0,0294848
0,0975	-0,0294692
0,09755	-0,0296102
0,0976	-0,0297512
0,09765	-0,0297984
0,0977	-0,029924
0,09775	-0,0298614
0,0978	-0,030065
0,09785	-0,0300494
0,0979	-0,0301278
0,09795	-0,0303004
0,098	-0,030347
0,09805	-0,0305352
0,0981	-0,0305664
0,09815	-0,0308644
0,0982	-0,0307704
0,09825	-0,030943
0,0983	-0,03099
0,09835	-0,0310368
0,0984	-0,0311936
0,09845	-0,0311156
0,0985	-0,0312878
0,09855	-0,0313038
0,0986	-0,031476
0,09865	-0,0316484
0,0987	-0,0316012
0,09875	-0,0317268
0,0988	-0,031821
0,09885	-0,0318838
0,0989	-0,0319778
0,09895	-0,032009
0,099	-0,0321502
0,09905	-0,0321816
0,0991	-0,0322754
0,09915	-0,032495
0,0992	-0,0323854
0,09925	-0,0326362
0,0993	-0,0325264
0,09935	-0,0327144
0,0994	-0,0328086
0,09945	-0,0327928
0,0995	-0,0329182
0,09955	-0,0328554
0,0996	-0,032981
0,09965	-0,0330126
0,0997	-0,033028
0,09975	-0,0332006
0,0998	-0,0332946
0,09985	-0,0334358
0,0999	-0,033373
0,09995	-0,0334986
0,1	-0,0336708
0,10005	-0,0336084
0,1001	-0,0337336
0,10015	-0,0337338
0,1002	-0,0338122
0,10025	-0,0339534
0,1003	-0,0339532
0,10035	-0,03411
0,1004	-0,0340472
0,10045	-0,0341412
0,1005	-0,0341414
0,10055	-0,0343138
0,1006	-0,0343296
0,10065	-0,0343764
0,1007	-0,0344864
0,10075	-0,0345644
0,1008	-0,0346272
0,10085	-0,0345488
0,1009	-0,0346588
0,10095	-0,0347998
0,101	-0,0347214
0,10105	-0,0347998
0,1011	-0,0347528
0,10115	-0,0349252
0,1012	-0,0349566
0,10125	-0,0349408
0,1013	-0,0349722
0,10135	-0,0349096
0,1014	-0,035129
0,10145	-0,0352544
0,1015	-0,0353642
0,10155	-0,0354426
0,1016	-0,0353798
0,10165	-0,0356622
0,1017	-0,0356936
0,10175	-0,0358974
0,1018	-0,0360228
0,10185	-0,0358974
0,1019	-0,0362264
0,10195	-0,0362422
0,102	-0,0363678
0,10205	-0,0363676
0,1021	-0,0363834
0,10215	-0,036493
0,1022	-0,0364616
0,10225	-0,0366028
0,1023	-0,0365556
0,10235	-0,0365402
0,1024	-0,0367282
0,10245	-0,0366968
0,1025	-0,036838
0,10255	-0,036791
0,1026	-0,0369478
0,10265	-0,0369636
0,1027	-0,0369632
0,10275	-0,0371674
0,1028	-0,0371828
0,10285	-0,037277
0,1029	-0,0373396
0,10295	-0,0373082
0,103	-0,0374968
0,10305	-0,0374494
0,1031	-0,0376062
0,10315	-0,0377002
0,1032	-0,0377318
0,10325	-0,0379356
0,1033	-0,0380608
0,10335	-0,0381234
0,1034	-0,0381864
0,10345	-0,0382646
0,1035	-0,0382804
0,10355	-0,0382332
0,1036	-0,0384526
0,10365	-0,03839
0,1037	-0,0383742
0,10375	-0,0382646
0,1038	-0,038406
0,10385	-0,0385782
0,1039	-0,038453
0,10395	-0,0385786
0,104	-0,0385626
0,10405	-0,0385782
0,1041	-0,0386252
0,10415	-0,0387036
0,1042	-0,0385784
0,10425	-0,0386252
0,1043	-0,0387352
0,10435	-0,038829
0,1044	-0,0389544
0,10445	-0,0388918
0,1045	-0,0388918
0,10455	-0,0390488
0,1046	-0,0389858
0,10465	-0,0389702
0,1047	-0,0390174
0,10475	-0,0389702
0,1048	-0,039174
0,10485	-0,0392524
0,1049	-0,0392054
0,10495	-0,0392682
0,105	-0,0391896
0,10505	-0,0394564
0,1051	-0,0393308
0,10515	-0,0395504
0,1052	-0,0394878
0,10525	-0,039566
0,1053	-0,0396286
0,10535	-0,0395816
0,1054	-0,0397854
0,10545	-0,0397698
0,1055	-0,039911
0,10555	-0,0399582
0,1056	-0,039958
0,10565	-0,0399424
0,1057	-0,0398012
0,10575	-0,0399582
0,1058	-0,0398954
0,10585	-0,0399894
0,1059	-0,0400678
0,10595	-0,0400364
0,106	-0,0402248
0,10605	-0,0401774
0,1061	-0,0402558
0,10615	-0,0403342
0,1062	-0,0403656
0,10625	-0,0404908
0,1063	-0,0405066
0,10635	-0,0406006
0,1064	-0,0405536
0,10645	-0,0406006
0,1065	-0,040679
0,10655	-0,0406476
0,1066	-0,0407732
0,10665	-0,040679
0,1067	-0,040742
0,10675	-0,040789
0,1068	-0,0407888
0,10685	-0,0407262
0,1069	-0,0407418
0,10695	-0,04093
0,107	-0,040836
0,10705	-0,040789
0,1071	-0,0409144
0,10715	-0,04093
0,1072	-0,0410556
0,10725	-0,0410242
0,1073	-0,0411808
0,10735	-0,041165
0,1074	-0,0411494
0,10745	-0,041165
0,1075	-0,0411496
0,10755	-0,0412436
0,1076	-0,0411964
0,10765	-0,0413064
0,1077	-0,0412906
0,10775	-0,041322
0,1078	-0,041463
0,10785	-0,0414472
0,1079	-0,04151
0,10795	-0,0416198
0,108	-0,0415726
0,10805	-0,0416828
0,1081	-0,0417924
0,10815	-0,0418078
0,1082	-0,0418862
0,10825	-0,0418236
0,1083	-0,0419646
0,10835	-0,0419648
0,1084	-0,0420118
0,10845	-0,0419804
0,1085	-0,0419334
0,10855	-0,0419804
0,1086	-0,0419492
0,10865	-0,0421214
0,1087	-0,0419962
0,10875	-0,0421216
0,1088	-0,0421372
0,10885	-0,0422468
0,1089	-0,0423566
0,10895	-0,0424038
0,109	-0,042247
0,10905	-0,0424508
0,1091	-0,0423724
0,10915	-0,042592
0,1092	-0,0426232
0,10925	-0,0426702
0,1093	-0,0426388
0,10935	-0,0426702
0,1094	-0,0427486
0,10945	-0,0427644
0,1095	-0,0427798
0,10955	-0,0427644
0,1096	-0,0429056
0,10965	-0,0429056
0,1097	-0,0430308
0,10975	-0,0429996
0,1098	-0,0430308
0,10985	-0,0431096
0,1099	-0,0429996
0,10995	-0,0431722
0,11	-0,0431094
0,11005	-0,0430936
0,1101	-0,0431562
0,11015	-0,043078
0,1102	-0,0432344
0,11025	-0,0431564
0,1103	-0,0431404
0,11035	-0,0431874
0,1104	-0,0431562
0,11045	-0,043266
0,1105	-0,04336
0,11055	-0,0434072
0,1106	-0,0434228
0,11065	-0,043376
0,1107	-0,0434228
0,11075	-0,0434074
0,1108	-0,0435796
0,11085	-0,043564
0,1109	-0,043564
0,11095	-0,0436268
0,111	-0,0434698
0,11105	-0,0436736
0,1111	-0,0436892
0,11115	-0,0437676
0,1112	-0,043658
0,11125	-0,0437678
0,1113	-0,0438462
0,11135	-0,0439246
0,1114	-0,0438934
0,11145	-0,043909
0,1115	-0,0439088
0,11155	-0,0439874
0,1116	-0,0439716
0,11165	-0,0440346
0,1117	-0,044097
0,11175	-0,0441754
0,1118	-0,0442538
0,11185	-0,0442852
0,1119	-0,0441284
0,11195	-0,0442068
0,112	-0,0442852
0,11205	-0,0442068
0,1121	-0,044285
0,11215	-0,0442696
0,1122	-0,0443322
0,11225	-0,0443634
0,1123	-0,0443166
0,11235	-0,0444106
0,1124	-0,0444732
0,11245	-0,044489
0,1125	-0,0445676
0,11255	-0,0446614
0,1126	-0,0446458
0,11265	-0,0446456
0,1127	-0,0446614
0,11275	-0,0448026
0,1128	-0,044771
0,11285	-0,0447554
0,1129	-0,0448652
0,11295	-0,0448966
0,113	-0,044912
0,11305	-0,0448024
0,1131	-0,0449122
0,11315	-0,0448494
0,1132	-0,0448966
0,11325	-0,044928
0,1133	-0,0449592
0,11335	-0,0450534
0,1134	-0,0451788
0,11345	-0,045226
0,1135	-0,0453984
0,11355	-0,0452572
0,1136	-0,0454296
0,11365	-0,0453828
0,1137	-0,0453984
0,11375	-0,045367
0,1138	-0,0454298
0,11385	-0,0455394
0,1139	-0,0454768
0,11395	-0,0454766
0,114	-0,0454612
0,11405	-0,0453828
0,1141	-0,0454768
0,11415	-0,0455552
0,1142	-0,0456022
0,11425	-0,0455078
0,1143	-0,0455552
0,11435	-0,0456334
0,1144	-0,045508
0,11445	-0,0456178
0,1145	-0,0456646
0,11455	-0,0456178
0,1146	-0,0457118
0,11465	-0,0456806
0,1147	-0,0457434
0,11475	-0,0457432
0,1148	-0,0456492
0,11485	-0,0456332
0,1149	-0,0456336
0,11495	-0,0457276
0,115	-0,0456806
0,11505	-0,045602
0,1151	-0,0457746
0,11515	-0,0458216
0,1152	-0,0458056
0,11525	-0,0459314
0,1153	-0,0459158
0,11535	-0,0459312
0,1154	-0,0460256
0,11545	-0,045947
0,1155	-0,0460252
0,11555	-0,0461194
0,1156	-0,0461354
0,11565	-0,0461196
0,1157	-0,0461352
0,11575	-0,046135
0,1158	-0,0462764
0,11585	-0,0463702
0,1159	-0,0463078
0,11595	-0,0464174
0,116	-0,0463232
0,11605	-0,0464018
0,1161	-0,0464018
0,11615	-0,0464172
0,1162	-0,0464016
0,11625	-0,0463078
0,1163	-0,0464332
0,11635	-0,046386
0,1164	-0,0464644
0,11645	-0,0463862
0,1165	-0,0463234
0,11655	-0,0464802
0,1166	-0,046386
0,11665	-0,0464488
0,1167	-0,04648
0,11675	-0,0463706
0,1168	-0,0464958
0,11685	-0,0465272
0,1169	-0,046527
0,11695	-0,0465114
0,117	-0,0464958
0,11705	-0,0465428
0,1171	-0,0464646
0,11715	-0,0465744
0,1172	-0,0465742
0,11725	-0,046621
0,1173	-0,0467624
0,11735	-0,0467308
0,1174	-0,046731
0,11745	-0,0466054
0,1175	-0,0467152
0,11755	-0,0467778
0,1176	-0,0467464
0,11765	-0,0467152
0,1177	-0,0466524
0,11775	-0,0467464
0,1178	-0,0467934
0,11785	-0,0467934
0,1179	-0,0469032
0,11795	-0,046935
0,118	-0,0470132
0,11805	-0,0469348
0,1181	-0,047013
0,11815	-0,0470916
0,1182	-0,0470914
0,11825	-0,0470446
0,1183	-0,04717
0,11835	-0,047107
0,1184	-0,0471542
0,11845	-0,0471388
0,1185	-0,0471544
0,11855	-0,0472328
0,1186	-0,0472484
0,11865	-0,0472168
0,1187	-0,047123
0,11875	-0,0472796
0,1188	-0,0473108
0,11885	-0,0473112
0,1189	-0,0473268
0,11895	-0,0473424
0,119	-0,0473894
0,11905	-0,0474052
0,1191	-0,0474836
0,11915	-0,047421
0,1192	-0,047358
0,11925	-0,0474362
0,1193	-0,0474678
0,11935	-0,0474208
0,1194	-0,047452
0,11945	-0,0473738
0,1195	-0,0473896
0,11955	-0,0474992
0,1196	-0,0475148
0,11965	-0,0475618
0,1197	-0,0475618
0,11975	-0,0477184
0,1198	-0,0477812
0,11985	-0,0476092
0,1199	-0,0477188
0,11995	-0,0477028
0,12	-0,0476872
0,12005	-0,0477344
0,1201	-0,0476402
0,12015	-0,047703
0,1202	-0,0476874
0,12025	-0,0477344
0,1203	-0,0477656
0,12035	-0,0478598
0,1204	-0,0477658
0,12045	-0,04775
0,1205	-0,0477658
0,12055	-0,047797
0,1206	-0,04764
0,12065	-0,0477184
0,1207	-0,0478126
0,12075	-0,0478126
0,1208	-0,0479382
0,12085	-0,0479068
0,1209	-0,0479224
0,12095	-0,0479538
0,121	-0,0479536
0,12105	-0,0479698
0,1211	-0,0478596
0,12115	-0,047985
0,1212	-0,0480166
0,12125	-0,0480324
0,1213	-0,0479694
0,12135	-0,0480792
0,1214	-0,0480792
0,12145	-0,0480794
0,1215	-0,0480322
0,12155	-0,0481104
0,1216	-0,0480636
0,12165	-0,0481106
0,1217	-0,0481732
0,12175	-0,0480794
0,1218	-0,0481734
0,12185	-0,0481262
0,1219	-0,0481108
0,12195	-0,0481734
0,122	-0,0481576
0,12205	-0,0481888
0,1221	-0,048189
0,12215	-0,0482204
0,1222	-0,0482204
0,12225	-0,048142
0,1223	-0,0482204
0,12235	-0,0481734
0,1224	-0,0481578
0,12245	-0,0482832
0,1225	-0,0483772
0,12255	-0,0484554
0,1226	-0,0484084
0,12265	-0,0484398
0,1227	-0,0485496
0,12275	-0,0484398
0,1228	-0,0484556
0,12285	-0,048581
0,1229	-0,0484714
0,12295	-0,0485184
0,123	-0,0485026
0,12305	-0,0486282
0,1231	-0,0486124
0,12315	-0,0484872
0,1232	-0,048581
0,12325	-0,0484556
0,1233	-0,0484084
0,12335	-0,0485338
0,1234	-0,0485966
0,12345	-0,0485812
0,1235	-0,048487
0,12355	-0,04844
0,1236	-0,048581
0,12365	-0,0485654
0,1237	-0,0485654
0,12375	-0,0484716
0,1238	-0,0484872
0,12385	-0,0485182
0,1239	-0,0483302
0,12395	-0,04844
0,124	-0,0483302
0,12405	-0,048393
0,1241	-0,0484558
0,12415	-0,04844
0,1242	-0,0485654
0,12425	-0,0485184
0,1243	-0,0485656
0,12435	-0,048675
0,1244	-0,0486122
0,12445	-0,0486436
0,1245	-0,0486434
0,12455	-0,0485964
0,1246	-0,0487378
0,12465	-0,0485966
0,1247	-0,0486908
0,12475	-0,0488004
0,1248	-0,0487848
0,12485	-0,0486592
0,1249	-0,048628
0,12495	-0,0487066
0,125	-0,0486434
0,12505	-0,0486124
0,1251	-0,048628
0,12515	-0,0486594
0,1252	-0,048675
0,12525	-0,0486908
0,1253	-0,0488788
0,12535	-0,0488944
0,1254	-0,0488476
0,12545	-0,0488004
0,1255	-0,048926
0,12555	-0,0488476
0,1256	-0,0489102
0,12565	-0,0487692
0,1257	-0,048816
0,12575	-0,0488788
0,1258	-0,0490044
0,12585	-0,0489104
0,1259	-0,0488632
0,12595	-0,0489728
0,126	-0,0489728
0,12605	-0,0490042
0,1261	-0,0489258
0,12615	-0,0490512
0,1262	-0,0490668
0,12625	-0,0492396
0,1263	-0,0490986
0,12635	-0,0491452
0,1264	-0,0492082
0,12645	-0,0491768
0,1265	-0,0492082
0,12655	-0,0493022
0,1266	-0,0492082
0,12665	-0,0493024
0,1267	-0,0490982
0,12675	-0,0491926
0,1268	-0,049067
0,12685	-0,0491138
0,1269	-0,049302
0,12695	-0,049365
0,127	-0,0493494
0,12705	-0,0493022
0,1271	-0,0493962
0,12715	-0,0494278
0,1272	-0,0495376
0,12725	-0,0495686
0,1273	-0,0494904
0,12735	-0,0495372
0,1274	-0,049459
0,12745	-0,0494432
0,1275	-0,0494748
0,12755	-0,049349
0,1276	-0,0495218
0,12765	-0,0494432
0,1277	-0,0493966
0,12775	-0,0493808
0,1278	-0,0494118
0,12785	-0,0495686
0,1279	-0,049412
0,12795	-0,0494434
0,128	-0,049459
0,12805	-0,0494748
0,1281	-0,049396
0,12815	-0,049412
0,1282	-0,0494748
0,12825	-0,049459
0,1283	-0,049365
0,12835	-0,0494276
0,1284	-0,0493806
0,12845	-0,0494434
0,1285	-0,0493022
0,12855	-0,0494118
0,1286	-0,0493492
0,12865	-0,0494902
0,1287	-0,049459
0,12875	-0,0494276
0,1288	-0,0494118
0,12885	-0,049459
0,1289	-0,0496002
0,12895	-0,0495372
0,129	-0,0495686
0,12905	-0,0493964
0,1291	-0,0495214
0,12915	-0,0495374
0,1292	-0,0495214
0,12925	-0,0494748
0,1293	-0,0495686
0,12935	-0,049459
0,1294	-0,0495844
0,12945	-0,0493648
0,1295	-0,049365
0,12955	-0,0494434
0,1296	-0,0494588
0,12965	-0,0494746
0,1297	-0,049412
0,12975	-0,0495058
0,1298	-0,0495372
0,12985	-0,0494904
0,1299	-0,0496
0,12995	-0,049553
0,13	-0,0496626
0,13005	-0,0494904
0,1301	-0,049553
0,13015	-0,0495686
0,1302	-0,049506
0,13025	-0,0495374
0,1303	-0,049443
0,13035	-0,0495216
0,1304	-0,0494276
0,13045	-0,049506
0,1305	-0,0495686
0,13055	-0,0495374
0,1306	-0,0496158
0,13065	-0,049694
0,1307	-0,0494746
0,13075	-0,0495844
0,1308	-0,049616
0,13085	-0,0496784
0,1309	-0,0497412
0,13095	-0,0496786
0,131	-0,0497098
0,13105	-0,0497256
0,1311	-0,049694
0,13115	-0,0496002
0,1312	-0,0495846
0,13125	-0,0495372
0,1313	-0,0497568
0,13135	-0,0496942
0,1314	-0,0496784
0,13145	-0,049804
0,1315	-0,0497572
0,13155	-0,0499138
0,1316	-0,049898
0,13165	-0,0499448
0,1317	-0,0498824
0,13175	-0,049945
0,1318	-0,050149
0,13185	-0,050039
0,1319	-0,0501802
0,13195	-0,0501176
0,132	-0,0500394
0,13205	-0,0501488
0,1321	-0,0499922
0,13215	-0,0500704
0,1322	-0,0499924
0,13225	-0,0499922
0,1323	-0,0500862
0,13235	-0,0500236
0,1324	-0,0500548
0,13245	-0,0499762
0,1325	-0,049945
0,13255	-0,0498822
0,1326	-0,0499762
0,13265	-0,0499604
0,1327	-0,0498824
0,13275	-0,0499138
0,1328	-0,0499136
0,13285	-0,0498508
0,1329	-0,049741
0,13295	-0,0496784
0,133	-0,049647
0,13305	-0,0496158
0,1331	-0,0496314
0,13315	-0,049804
0,1332	-0,0498508
0,13325	-0,0497256
0,1333	-0,0497412
0,13335	-0,0498198
0,1334	-0,0497724
0,13345	-0,0497882
0,1335	-0,0498196
0,13355	-0,049851
0,1336	-0,0498352
0,13365	-0,049788
0,1337	-0,049804
0,13375	-0,0498512
0,1338	-0,0498198
0,13385	-0,0497566
0,1339	-0,049741
0,13395	-0,0497884
0,134	-0,0498822
0,13405	-0,049804
0,1341	-0,0498666
0,13415	-0,049804
0,1342	-0,0499452
0,13425	-0,0497256
0,1343	-0,0499136
0,13435	-0,0498822
0,1344	-0,0499606
0,13445	-0,0499764
0,1345	-0,0499448
0,13455	-0,0499294
0,1346	-0,0499294
0,13465	-0,0498822
0,1347	-0,0499134
0,13475	-0,049851
0,1348	-0,0499452
0,13485	-0,0498666
0,1349	-0,0498512
0,13495	-0,0498664
0,135	-0,049851
0,13505	-0,049945
0,1351	-0,0498822
0,13515	-0,0498664
0,1352	-0,049992
0,13525	-0,0499292
0,1353	-0,0501172
0,13535	-0,0500706
0,1354	-0,0501488
0,13545	-0,0502116
0,1355	-0,0501644
0,13555	-0,0501644
0,1356	-0,0501802
0,13565	-0,050196
0,1357	-0,0501332
0,13575	-0,0501176
0,1358	-0,050086
0,13585	-0,0501334
0,1359	-0,0499608
0,13595	-0,0501646
0,136	-0,0501644
0,13605	-0,050196
0,1361	-0,050243
0,13615	-0,050321
0,1362	-0,0503214
0,13625	-0,0504156
0,1363	-0,0503994
0,13635	-0,0504468
0,1364	-0,0503838
0,13645	-0,050478
0,1365	-0,0504466
0,13655	-0,0503996
0,1366	-0,0503998
0,13665	-0,050337
0,1367	-0,0503056
0,13675	-0,0503684
0,1368	-0,0503054
0,13685	-0,050274
0,1369	-0,050243
0,13695	-0,0502588
0,137	-0,05029
0,13705	-0,0501646
0,1371	-0,0503526
0,13715	-0,0502272
0,1372	-0,0502902
0,13725	-0,0501958
0,1373	-0,0501172
0,13735	-0,0501644
0,1374	-0,0501018
0,13745	-0,050196
0,1375	-0,0500234
0,13755	-0,0499606
0,1376	-0,0499452
0,13765	-0,0499922
0,1377	-0,0501644
0,13775	-0,0500076
0,1378	-0,0500234
0,13785	-0,0498978
0,1379	-0,0500234
0,13795	-0,050086
0,138	-0,0500076
0,13805	-0,049992
0,1381	-0,0499136
0,13815	-0,0500078
0,1382	-0,0499606
0,13825	-0,0499762
0,1383	-0,049992
0,13835	-0,0499764
0,1384	-0,0499764
0,13845	-0,0499606
0,1385	-0,0500706
0,13855	-0,0499606
0,1386	-0,0500078
0,13865	-0,0499448
0,1387	-0,0499134
0,13875	-0,049992
0,1388	-0,049867
0,13885	-0,0499452
0,1389	-0,0500078
0,13895	-0,0500076
0,139	-0,0500862
0,13905	-0,0500706
0,1391	-0,0499608
0,13915	-0,0500232
0,1392	-0,0499294
0,13925	-0,0499452
0,1393	-0,0500076
0,13935	-0,0499448
0,1394	-0,0500704
0,13945	-0,0498666
0,1395	-0,0499294
0,13955	-0,049945
0,1396	-0,0500234
0,13965	-0,0499606
0,1397	-0,0499918
0,13975	-0,0499292
0,1398	-0,0499922
0,13985	-0,0499604
0,1399	-0,0500234
0,13995	-0,0500234
0,14	-0,050055
0,14005	-0,0500236
0,1401	-0,050133
0,14015	-0,0500862
0,1402	-0,0500546
0,14025	-0,0500392
0,1403	-0,0499922
0,14035	-0,049945
0,1404	-0,0499762
0,14045	-0,0498824
0,1405	-0,0499922
0,14055	-0,0499762
0,1406	-0,0500706
0,14065	-0,0502274
0,1407	-0,0501648
0,14075	-0,0502902
0,1408	-0,0501646
0,14085	-0,0502272
0,1409	-0,0503214
0,14095	-0,0501958
0,141	-0,0502114
0,14105	-0,0501958
0,1411	-0,0501802
0,14115	-0,0503054
0,1412	-0,0502116
0,14125	-0,0502272
0,1413	-0,0501332
0,14135	-0,0501958
0,1414	-0,0501644
0,14145	-0,0499606
0,1415	-0,050102
0,14155	-0,0499608
0,1416	-0,0499918
0,14165	-0,0500546
0,1417	-0,0499448
0,14175	-0,0500234
0,1418	-0,0500704
0,14185	-0,0499448
0,1419	-0,0499294
0,14195	-0,0498666
0,142	-0,0499292
0,14205	-0,049898
0,1421	-0,0499294
0,14215	-0,0498822
0,1422	-0,049851
0,14225	-0,0498666
0,1423	-0,0499136
0,14235	-0,0500392
0,1424	-0,0500702
0,14245	-0,050055
0,1425	-0,0501176
0,14255	-0,0500392
0,1426	-0,0501016
0,14265	-0,0499764
0,1427	-0,050102
0,14275	-0,0500546
0,1428	-0,0501488
0,14285	-0,0500704
0,1429	-0,0501016
0,14295	-0,0501644
0,143	-0,0500704
0,14305	-0,050149
0,1431	-0,0501804
0,14315	-0,0501016
0,1432	-0,0501018
0,14325	-0,0501958
0,1433	-0,050384
0,14335	-0,0501802
0,1434	-0,0502586
0,14345	-0,0502896
0,1435	-0,0502586
0,14355	-0,0503056
0,1436	-0,0501804
0,14365	-0,0501958
0,1437	-0,0501018
0,14375	-0,0501176
0,1438	-0,0502742
0,14385	-0,0502272
0,1439	-0,0502742
0,14395	-0,0500392
0,144	-0,0500706
0,14405	-0,0500704
0,1441	-0,049992
0,14415	-0,049992
0,1442	-0,0498824
0,14425	-0,0500078
0,1443	-0,0500704
0,14435	-0,050039
0,1444	-0,0502114
0,14445	-0,0501174
0,1445	-0,0503212
0,14455	-0,0502116
0,1446	-0,050086
0,14465	-0,0502898
0,1447	-0,0501172
0,14475	-0,0502428
0,1448	-0,0501644
0,14485	-0,0501174
0,1449	-0,0501802
0,14495	-0,0501174
0,145	-0,0502742
0,14505	-0,0502586
0,1451	-0,05029
0,14515	-0,0503212
0,1452	-0,0502114
0,14525	-0,0501802
0,1453	-0,050149
0,14535	-0,0502586
0,1454	-0,0503054
0,14545	-0,0502586
0,1455	-0,0503684
0,14555	-0,0503214
0,1456	-0,0503212
0,14565	-0,0503214
0,1457	-0,0503058
0,14575	-0,0502742
0,1458	-0,050274
0,14585	-0,0503996
0,1459	-0,0503684
0,14595	-0,0504466
0,146	-0,0504312
0,14605	-0,050384
0,1461	-0,0503684
0,14615	-0,0503526
0,1462	-0,0502742
0,14625	-0,0501648
0,1463	-0,0501488
0,14635	-0,0500548
0,1464	-0,0501488
0,14645	-0,0501488
0,1465	-0,0500234
0,14655	-0,0500078
0,1466	-0,0499136
0,14665	-0,0499294
0,1467	-0,0500546
0,14675	-0,0498196
0,1468	-0,050039
0,14685	-0,0498666
0,1469	-0,0500548
0,14695	-0,0499138
0,147	-0,0499606
0,14705	-0,0500548
0,1471	-0,0499922
0,14715	-0,0500706
0,1472	-0,0501174
0,14725	-0,050086
0,1473	-0,0501176
0,14735	-0,0499606
0,1474	-0,0500704
0,14745	-0,0500702
0,1475	-0,0501802
0,14755	-0,0500862
0,1476	-0,0499606
0,14765	-0,0500704
0,1477	-0,0500234
0,14775	-0,0501646
0,1478	-0,0500862
0,14785	-0,050039
0,1479	-0,0501176
0,14795	-0,050086
0,148	-0,050243
0,14805	-0,0501332
0,1481	-0,0503056
0,14815	-0,0502426
0,1482	-0,0501016
0,14825	-0,0502584
0,1483	-0,0501802
0,14835	-0,0501802
0,1484	-0,050039
0,14845	-0,0501332
0,1485	-0,0501486
0,14855	-0,0501332
0,1486	-0,05018
0,14865	-0,0499608
0,1487	-0,050196
0,14875	-0,0501332
0,1488	-0,050196
0,14885	-0,0502586
0,1489	-0,0500546
0,14895	-0,0502274
0,149	-0,0501174
0,14905	-0,0501646
0,1491	-0,0501958
0,14915	-0,0502116
0,1492	-0,05029
0,14925	-0,0502272
0,1493	-0,0502116
0,14935	-0,0501644
0,1494	-0,0500706
0,14945	-0,0502898
0,1495	-0,0501018
0,14955	-0,050149
0,1496	-0,0501486
0,14965	-0,0501332
0,1497	-0,050337
0,14975	-0,0501488
0,1498	-0,0503214
0,14985	-0,0502586
0,1499	-0,0503054
0,14995	-0,0503214
0,15	-0,050227
0,15005	-0,050384
0,1501	-0,0502584
0,15015	-0,0503212
0,1502	-0,0503524
0,15025	-0,0503686
0,1503	-0,0503994
0,15035	-0,0502898
0,1504	-0,050384
0,15045	-0,0502744
0,1505	-0,0502586
0,15055	-0,0503368
0,1506	-0,0502274
0,15065	-0,0503056
0,1507	-0,050243
0,15075	-0,0502898
0,1508	-0,0502116
0,15085	-0,0501804
0,1509	-0,0502274
0,15095	-0,0501488
0,151	-0,050149
0,15105	-0,0500232
0,1511	-0,050039
0,15115	-0,0499762
0,1512	-0,049945
0,15125	-0,050086
0,1513	-0,0499764
0,15135	-0,0500234
0,1514	-0,0499762
0,15145	-0,050196
0,1515	-0,0501488
0,15155	-0,049945
0,1516	-0,0501018
0,15165	-0,050039
0,1517	-0,0500234
0,15175	-0,050102
0,1518	-0,0499608
0,15185	-0,0500548
0,1519	-0,0499608
0,15195	-0,050149
0,152	-0,0501016
0,15205	-0,0501016
0,1521	-0,0501646
0,15215	-0,049992
0,1522	-0,0501332
0,15225	-0,049992
0,1523	-0,0500702
0,15235	-0,0501488
0,1524	-0,0500392
0,15245	-0,0501646
0,1525	-0,0500548
0,15255	-0,0501804
0,1526	-0,0501016
0,15265	-0,050102
0,1527	-0,0501172
0,15275	-0,0500546
0,1528	-0,0501172
0,15285	-0,0500704
0,1529	-0,0501176
0,15295	-0,0501958
0,153	-0,0500546
0,15305	-0,0501804
0,1531	-0,0501802
0,15315	-0,0501802
0,1532	-0,0501488
0,15325	-0,0500548
0,1533	-0,0501648
0,15335	-0,0500704
0,1534	-0,0501176
0,15345	-0,0500862
0,1535	-0,0501018
0,15355	-0,050133
0,1536	-0,050133
0,15365	-0,0501488
0,1537	-0,0500704
0,15375	-0,050196
0,1538	-0,050196
0,15385	-0,0501802
0,1539	-0,050086
0,15395	-0,0500392
0,154	-0,0501646
0,15405	-0,0499922
0,1541	-0,0501332
0,15415	-0,0500546
0,1542	-0,0500704
0,15425	-0,0501646
0,1543	-0,0500706
0,15435	-0,0501334
0,1544	-0,0501488
0,15445	-0,0500862
0,1545	-0,0501802
0,15455	-0,0500392
0,1546	-0,050196
0,15465	-0,0500234
0,1547	-0,0500392
0,15475	-0,0500704
0,1548	-0,0500392
0,15485	-0,0499922
0,1549	-0,0498666
0,15495	-0,0499448
0,155	-0,049945
0,15505	-0,0498196
0,1551	-0,049898
0,15515	-0,049898
0,1552	-0,049945
0,15525	-0,0499294
0,1553	-0,0499606
0,15535	-0,0499448
0,1554	-0,0498196
0,15545	-0,049945
0,1555	-0,0498506
0,15555	-0,0498196
0,1556	-0,0498196
0,15565	-0,0497726
0,1557	-0,0496942
0,15575	-0,0497412
0,1558	-0,0497726
0,15585	-0,0497098
0,1559	-0,0496942
0,15595	-0,04971
0,156	-0,049694
0,15605	-0,0497566
0,1561	-0,0496626
0,15615	-0,0496312
0,1562	-0,0497256
0,15625	-0,0496944
0,1563	-0,049741
0,15635	-0,0495374
0,1564	-0,0496316
0,15645	-0,0496
0,1565	-0,0497568
0,15655	-0,0497882
0,1566	-0,0496314
0,15665	-0,049647
0,1567	-0,0496468
0,15675	-0,049663
0,1568	-0,049694
0,15685	-0,0496628
0,1569	-0,0497256
0,15695	-0,049647
0,157	-0,0497568
0,15705	-0,0497414
0,1571	-0,0497568
0,15715	-0,0498664
0,1572	-0,0497098
0,15725	-0,0497566
0,1573	-0,049647
0,15735	-0,0496942
0,1574	-0,0497098
0,15745	-0,0496002
0,1575	-0,0496784
0,15755	-0,0497258
0,1576	-0,0496626
0,15765	-0,0496786
0,1577	-0,0496316
0,15775	-0,0496784
0,1578	-0,0495844
0,15785	-0,0497412
0,1579	-0,0496628
0,15795	-0,0497098
0,158	-0,049741
0,15805	-0,049663
0,1581	-0,0496628
0,15815	-0,0496786
0,1582	-0,0496628
0,15825	-0,0496628
0,1583	-0,0497256
0,15835	-0,0495688
0,1584	-0,0496626
0,15845	-0,0496628
0,1585	-0,0495844
0,15855	-0,049647
0,1586	-0,0496786
0,15865	-0,0497412
0,1587	-0,0497568
0,15875	-0,0497414
0,1588	-0,0498508
0,15885	-0,0497412
0,1589	-0,0499608
0,15895	-0,049898
0,159	-0,049804
0,15905	-0,0498666
0,1591	-0,0497412
0,15915	-0,0499136
0,1592	-0,0498352
0,15925	-0,0499134
0,1593	-0,0498352
0,15935	-0,0497254
0,1594	-0,0498196
0,15945	-0,049788
0,1595	-0,0497098
0,15955	-0,0497882
0,1596	-0,0498352
0,15965	-0,049804
0,1597	-0,0496626
0,15975	-0,0495842
0,1598	-0,0495842
0,15985	-0,049506
0,1599	-0,0496002
0,15995	-0,0496154
